9.0395 453.917 515.801 261.351 65 69 70
15.9305 163.457 399.887 463.553 66 81 53
16.3563 256.503 781.204 498.683 21 32 32
20.6171 226.174 702.261 459.903 39 44 43
23.2398 239.403 353.208 452.168 157 168 165
24.7571 514.103 608.825 303.285 118 144 163
42.8082 68.6634 699.884 370.106 91 111 152
44.7742 434.743 210.953 515.961 101 117 123
48.7564 33.4742 472.349 277.984 244 249 254
55.8866 497.051 510.887 226.129 95 119 139
59.6058 160.936 36.3025 170.408 215 237 244
61.7885 426.795 677.637 514.784 95 117 131
66.3255 160.836 42.8895 170.28 248 251 252
70.4278 192.85 49.336 203.336 81 99 98
71.3567 593.906 478.154 590.819 0 0 0
77.6507 192.319 56.786 202.413 63 82 78
78.6784 199.079 57.4161 209.264 69 79 72
79.1072 189.213 57.4791 199.102 247 248 249
85.3503 192.719 65.3666 202.842 254 255 254
86.9764 187.794 65.8355 197.812 150 165 174
86.9764 187.794 65.8355 197.812 150 165 174
87.2594 491.178 510.887 226.129 94 116 134
95.7307 487.876 714.648 459.574 65 74 81
107.735 212.758 82.4595 221.513 255 255 255
112.276 237.507 88.0002 247.302 255 254 254
126.023 270.171 678.358 338.906 87 104 127
152.897 168.131 749.426 106.204 236 244 250
165.23 512.533 527.465 257.708 59 67 82
192.661 400.974 598.525 210.684 44 55 92
193.25 397.897 598.525 210.684 42 51 94
240.145 416.952 101.373 429.493 116 154 178
240.145 416.952 101.373 429.493 116 154 178
240.145 416.952 101.373 429.493 116 154 178
248.595 281.244 185.444 283.045 77 80 83
256.598 362.477 231.135 362.304 48 74 93
262.146 278.03 194.983 281.082 86 90 95
264.1 477.389 363.312 457.722 80 68 69
264.5 286.379 195.916 288.195 255 255 255
264.5 286.379 195.916 288.195 255 255 255
267.779 434.038 132.907 449.369 57 67 55
271.858 165.807 323.027 129.68 255 254 255
282.616 166.465 419.934 100.943 149 179 202
283.058 166.237 419.934 100.943 149 179 202
285.188 229.319 215.931 224.145 55 101 127
302.985 249.327 227.124 249.16 97 107 113
303.105 293.439 223.919 295.281 89 95 102
306.184 156.711 349.051 121.986 255 255 255
306.205 280.433 226.946 281.265 110 121 130
316.614 227.149 237.959 222.94 255 255 254
317.508 419.793 129.443 490.829 14 23 27
318.587 157.041 419.934 100.943 146 174 197
321.918 363.065 232.969 370.66 50 53 60
322.124 420.358 354.601 218.497 19 33 38
333.049 214.565 256.745 221.144 255 255 255
335.966 207.103 655.713 459.932 186 188 198
338.064 152.625 342.879 127.418 102 145 176
339.339 383.316 244.797 392.865 64 68 76
339.473 585.239 343.218 578.611 40 50 65
344.965 194.531 550.424 216.033 211 212 213
345.054 211.038 146.377 529.936 205 211 212
349.329 243.07 262.297 239.097 102 109 119
350.808 192.339 267.475 182.512 52 75 99
351.007 345.242 257.159 352.286 19 25 28
351.735 335.105 258.622 339.247 14 21 25
353.056 349.287 258.384 355.061 13 19 23
355.031 246.314 267.297 240.867 121 124 127
356.12 382.136 258.739 391.459 66 71 80
357.258 341.981 262.844 346.552 82 97 109
357.937 253.724 268.623 248.993 226 219 203
358.171 195.042 274.607 184.416 255 255 255
358.171 195.042 274.607 184.416 255 255 255
358.92 195.746 274.607 184.416 254 255 255
362.499 232.153 273.461 225.369 254 252 247
365.881 278.39 273.22 275.881 87 103 127
366.243 303.401 272.032 303.571 78 92 111
369.053 233.762 278.834 226.421 85 106 130
370.147 386.746 274.334 396.654 19 28 30
375.425 139.323 340.487 124.85 252 255 255
379.623 438.977 367.403 464.988 58 70 81
381.581 158.133 321.19 154.977 86 107 133
382.474 228.549 297.021 221.874 82 103 128
382.531 372.854 288.458 381.429 147 170 189
384.546 187.871 301.453 178.046 84 107 135
384.546 187.871 301.453 178.046 84 107 135
385.085 216.293 300.924 208.514 100 124 153
389.154 288.215 303.568 287.221 99 121 144
391.059 251.8 308.092 247.631 97 120 143
394.895 182.152 310.964 175.731 94 117 148
395.019 241.936 313.18 237.099 94 115 142
396.24 432.356 271.802 448.985 78 104 120
398.929 136.089 419.934 100.943 132 155 179
401.441 239.275 321.483 234.02 97 125 149
401.441 239.275 321.483 234.02 97 125 149
405.316 261.561 527.016 251.387 86 108 133
406.51 187.194 329.729 176.972 98 121 148
406.514 193.935 329.744 185.263 99 118 142
407.562 133.891 419.934 100.943 123 159 186
408.464 166.404 346.071 160.655 171 206 219
409.073 262.218 331.126 261.195 142 172 202
409.743 130.586 349.051 121.986 241 247 247
409.933 208.836 791.897 575.001 133 166 197
410.106 407.596 322.903 424.392 12 16 19
410.119 200.284 793.994 591.54 126 169 199
418.286 445.558 605.643 287.595 128 151 169
419.706 492.501 159.922 232.15 124 149 166
421.298 267.995 605.643 287.595 159 185 211
421.84 205.204 349.837 198.099 131 167 199
422.069 291.887 349.532 256.322 129 175 209
422.57 264.702 349.375 262.326 144 174 204
425.48 269.963 352.162 268.329 66 83 110
426.165 218.559 352.162 268.329 66 83 109
426.407 206.967 355.293 200.111 71 87 115
428.93 446.948 261.948 462.344 130 154 170
435.816 435.091 271.802 448.985 85 108 126
449.078 123.079 342.879 127.418 94 130 161
449.299 587.142 526.707 586.158 83 99 112
453.48 186.567 793.994 591.54 189 211 220
466.062 440.218 320.029 457.995 32 37 41
471.146 584.895 146.696 586.972 79 94 108
471.423 178.514 440.072 161.643 128 162 186
471.828 213.483 620.938 408.6 143 184 209
471.842 585.834 146.696 586.972 79 93 106
472.243 213.161 210.893 452.061 143 184 209
472.243 213.161 620.938 408.6 143 184 209
478.683 178.718 415.037 169.869 115 155 180
482.083 184.483 196.874 358.637 102 145 180
483.471 585.807 172.412 585.84 77 90 103
490.043 492.743 73.5073 538.534 100 118 133
496.096 445.945 367.403 464.988 37 46 63
500.708 402.63 405.619 414.098 44 50 31
502.337 108.834 409.624 104.322 119 142 166
504.027 445.88 367.403 464.988 36 44 59
504.276 127.05 441.062 114.411 176 199 206
504.615 106.283 442.714 91.3737 212 228 241
507.067 107.749 445.114 93.0957 103 137 163
512.304 142.073 449.726 129.4 153 190 202
512.478 166.095 449.249 154.791 146 188 205
512.987 133.34 450.457 119.865 143 179 197
513.548 103.53 451.826 87.9093 184 199 216
516.087 105.967 454.822 90.6704 60 91 139
518.544 109.71 456.973 95.0819 50 104 145
518.827 110.676 456.973 95.0819 52 106 149
519.356 138.27 457.268 124.825 52 110 157
519.422 200.381 456.427 256.813 84 152 200
522.942 138.68 461.979 259.423 88 152 192
524.024 305.086 459.305 306.22 38 54 76
525.212 121.306 457.516 95.2051 70 142 190
526.686 276.966 450.545 227.952 150 193 223
526.993 308.218 462.472 309.668 130 183 215
530.96 116.104 487.482 109.655 48 73 109
534.979 118.161 478.172 103.798 79 113 157
536.44 134.738 480.434 124.236 72 144 194
536.649 170.329 485.906 234.503 69 120 136
537.587 477.569 324.2 507.702 95 105 111
538.26 183.771 483.165 175.084 30 44 61
538.901 158.957 484.499 148.05 62 114 132
539.132 169.487 259.965 204.876 65 117 133
539.143 178.532 484.279 169.498 57 105 122
539.233 163.6 259.965 204.876 64 115 132
541.008 248.563 484.831 245.506 53 107 125
541.442 123.114 487.482 109.655 43 72 109
542.493 196.344 487.446 188.507 29 47 66
543.428 251.975 487.385 248.933 23 41 57
543.428 251.975 487.385 248.933 23 41 57
545.521 310.579 488.26 312.933 28 43 60
545.86 154.978 492.994 191.011 31 52 72
546.505 250.568 490.793 247.333 56 95 118
546.568 440.474 330.523 462.225 43 58 73
547.215 198.637 492.994 191.011 29 45 64
550.555 311.813 494.096 314.377 23 39 55
551.144 331.043 494.41 335.407 22 35 49
551.144 331.043 494.41 335.407 22 35 49
551.464 252.64 496.944 249.816 60 88 111
551.867 155.219 499.19 144.429 51 61 80
552.384 371.962 495.061 381.156 16 25 38
553.128 187.606 499.999 178.785 46 57 75
553.177 178.455 500.289 168.957 45 56 74
553.355 236.677 499 232.276 47 56 73
554.137 201.467 501.043 193.632 49 56 76
554.746 239.881 500.556 235.791 46 58 74
555.59 288.028 500.426 287.617 41 51 66
555.633 307.372 502.268 375.621 41 50 64
555.669 276.16 500.91 274.831 45 54 70
556.599 295.221 501.982 295.905 39 48 63
556.883 295.308 501.982 295.905 39 48 63
558.256 359.217 502.095 366.667 32 38 50
558.828 473.922 356.032 503.892 43 49 59
558.856 367.593 502.268 375.621 33 39 51
564.333 156.215 511.007 144.153 71 87 109
565.353 533.581 550.424 216.033 101 117 130
565.407 182.975 511.52 191.75 67 85 106
565.431 456.036 369.708 480.619 146 170 182
565.766 205.875 511.443 197.83 70 90 111
565.896 213.358 511.111 206.271 68 85 106
566.295 221.362 511.918 214.64 59 77 98
567.496 236.304 512.639 230.853 64 83 104
567.706 245.798 512.574 241.595 68 87 106
568.275 265.547 512.789 262.944 54 69 88
568.691 310.893 512.632 313.506 54 66 82
569.026 276.204 513.271 274.83 64 79 100
569.164 214.007 514.691 206.705 107 137 165
569.336 291.332 513.487 291.462 56 71 90
569.514 222.15 514.92 215.603 104 135 163
569.517 296.188 513.794 296.192 60 77 94
570.101 308.611 514.1 310.351 57 68 85
570.471 320.486 514.191 323.4 51 61 78
570.63 154.749 518.593 145.251 100 127 158
571.421 359.459 514.788 366.785 43 52 62
571.805 257.922 517.121 254.484 103 128 152
571.873 529.567 88.9899 549.998 78 96 107
574.334 339.386 517.861 344.467 96 108 116
574.482 142.116 574.343 162.992 98 127 158
574.596 311.159 519.38 313.497 102 124 142
575.072 372.014 518.386 380.783 109 116 113
575.572 357.579 520.054 363.673 85 95 104
575.584 161.43 525.451 150.353 98 123 150
575.859 208.308 525.353 258.604 105 137 166
576.386 357.363 520.054 363.673 85 95 105
576.794 217.977 525.353 258.604 104 134 162
577.748 370.724 521.806 379.219 67 76 86
577.962 150.498 528.318 139.025 77 94 118
578.343 167.704 528.857 156.975 84 155 197
578.375 242.986 527.988 288.291 109 138 163
578.415 247.438 527.832 305.661 104 134 161
578.945 271.573 527.832 305.661 96 121 144
579.14 288.426 525.353 258.604 101 124 147
579.495 288.52 525.353 258.604 104 129 152
581.13 380.476 527.058 390.79 65 76 85
585.125 149.777 538.622 141.371 78 96 120
585.562 253.115 534.97 242.248 196 209 223
587.404 382.469 534.726 392.983 132 163 187
589.452 174.125 543.422 164.978 82 156 200
591.667 221.187 544.961 215.359 101 167 205
592.556 542.781 210.953 515.961 100 116 126
593.052 541.915 210.953 515.961 98 116 125
595.858 306.321 548.527 308.302 142 189 216
596.037 311.65 548.68 314.563 123 186 213
596.257 391.638 546.872 403.493 58 68 79
597.15 398.475 548.178 410.855 38 43 49
598.268 549.725 262.44 509.96 92 108 120
599.102 334.076 551.503 328.415 74 71 78
600.443 412.649 547.589 427.332 56 57 26
608.759 373.612 564.14 383.615 86 99 108
612.664 180.558 573.853 173.107 107 133 160
613.39 393.429 570.376 405.914 59 71 81
615.1 206.15 577.362 200.236 102 133 164
615.661 200.792 279.969 217.604 103 144 179
615.77 232.208 576.351 228.544 115 143 169
616.803 551.383 352.773 478.098 72 85 94
617.234 392.917 575.302 405.129 59 70 81
618.396 198.7 602.393 202.446 150 199 222
618.477 216.899 580.741 212.17 82 103 128
618.56 194.403 621.408 209.665 89 169 210
618.61 323.671 578.392 328.078 108 129 144
618.934 169.364 581.884 161.767 83 101 125
620.921 220.894 583.95 217.908 84 107 132
620.921 220.894 583.95 217.908 84 107 132
621.027 312.315 597.902 376.123 112 136 153
621.939 336.82 582.914 342.719 100 117 129
622.235 233.391 585.166 228.78 88 111 135
622.768 393.115 582.854 404.884 61 71 81
622.79 392.914 582.854 404.884 61 71 81
623.054 241.132 586.539 238.619 111 139 164
624.338 318.335 586.526 322.922 80 97 111
624.569 226.205 363.312 457.722 90 111 134
625.563 176.963 590.166 169.366 107 134 165
626.017 190.512 590.92 183.521 107 133 160
626.304 287.586 589.602 288.601 104 128 148
627.386 210.116 612.513 215.927 111 141 168
627.796 216.578 592.929 212.004 114 145 173
627.916 292.16 612.872 300.545 48 68 86
629.759 238.568 594.922 235.117 114 142 167
629.759 238.568 594.922 235.117 114 142 167
630.976 350.197 594.193 359.101 93 106 112
631.015 266.725 616.445 273.38 186 219 231
631.151 363.562 597.902 376.123 90 103 111
631.801 276.334 597.452 276.838 89 107 127
632.148 214.63 598.525 210.684 86 110 134
632.176 392.974 595.755 405.505 60 68 80
632.437 377.009 596.028 387.74 85 99 106
633.714 312.814 598.694 316.937 112 134 151
633.714 312.814 605.743 263.633 112 134 151
634.586 327.698 599.837 333.077 101 120 135
634.91 204.154 621.408 209.665 105 181 216
635.033 208.249 602.393 202.446 128 191 219
635.932 373.138 586.526 322.922 61 68 77
636.055 380.47 600.685 391.906 56 61 66
636.253 368.128 609.998 323.041 184 218 223
636.253 368.128 609.998 323.041 184 218 223
637.316 230.075 605.103 227.461 85 106 129
637.832 254.112 605.134 252.627 119 147 169
638.368 264.534 605.743 263.633 114 140 163
638.491 376.128 603.495 387.339 62 67 75
638.945 271.929 606.36 271.64 117 142 166
639.76 244.088 607.895 241.579 85 105 125
639.985 228.966 608.802 225.75 87 108 131
640.423 289.567 608.255 291.006 115 143 165
640.848 186.45 608.796 177.156 109 139 169
641.079 413.054 288.458 381.429 254 246 207
642.118 319.438 616.445 273.38 151 208 228
642.436 211.779 612.146 207.628 113 143 170
642.775 219.021 612.513 215.927 116 143 170
642.82 346.476 629.939 357.619 101 114 123
643.839 298.037 612.872 300.545 50 70 89
645.761 470.333 596.272 485.1 8 9 13
645.987 198.256 622.656 194.795 94 117 141
646.545 273.073 616.445 273.38 164 198 212
647.375 280.802 617.907 283.21 92 111 131
647.579 228.585 618.436 225.611 91 119 146
648 252.764 599.061 243.625 57 71 93
648.41 304.559 605.134 252.627 118 141 159
650.464 330.536 620.669 336.456 110 130 143
651.725 244.712 627.984 245.701 87 106 129
652.207 375.657 586.526 322.922 58 64 70
652.236 370.842 609.998 323.041 188 220 222
652.573 442.311 633.575 261.647 78 117 148
655.079 213.825 627.924 210.561 119 145 173
655.157 293.286 627.479 295.661 119 142 160
655.162 78.6625 690.565 89.152 193 227 255
655.438 291.448 528.987 322.371 117 142 157
657.228 323.867 609.998 323.041 163 217 232
658.597 538.064 682.053 517.275 71 85 94
659.182 254.604 632.59 253.408 125 152 173
659.555 260.697 633.575 261.647 162 196 214
659.901 193.105 634.271 189.331 117 137 167
662.616 304.302 636.784 308.131 126 150 166
664.389 329.856 631.182 239.011 114 137 151
666.248 534.836 719.246 509.942 69 82 92
669.017 327.428 511.365 178.65 121 141 155
669.275 466.484 517.131 493.906 9 9 14
669.884 332.559 512.574 241.595 115 133 148
673.019 332.779 146.696 586.972 254 255 253
674.528 337.438 677.42 336.147 255 255 255
674.615 389.992 556.713 484.688 85 95 94
675.192 397.119 633.575 261.647 71 80 80
686.386 528.744 558.237 544.582 71 84 93
713.246 590.953 713.147 590.947 0 0 0
715.862 520.024 768.272 500.963 74 87 97
721.613 514.925 710.79 508.517 100 112 122
722.692 345.657 745.761 357.926 101 95 60
723.094 456.389 621.217 479.629 91 109 115
723.094 456.389 621.217 479.629 91 109 115
728.084 346.42 751.68 358.788 97 86 57
738.238 371.623 732.428 375.927 25 37 27
738.615 348.104 763.127 360.775 89 86 71
758.22 434.492 731.074 452.437 54 55 54
765.297 433.325 741.245 451.09 55 58 59
774.014 432.534 754.016 450.339 66 70 70
791.848 305.252 791.848 305.252 0 0 0
792.852 254.254 791.848 305.252 0 0 0
794.726 592.082 793.994 591.54 68 82 91
794.843 190.299 791.848 305.252 0 0 0
