9.15181 392.298 349.375 262.326 32 36 37
13.6686 214.303 15.5156 376.868 40 56 50
17.7484 468.444 462.794 358.215 62 79 87
18.0999 439.725 517.121 254.484 35 41 34
30.4513 563.367 532.485 288.475 163 159 129
43.7245 416.732 598.525 210.684 39 46 75
45.2097 406.967 598.525 210.684 41 47 87
51.9937 461.346 274.607 184.416 64 72 77
66.505 464.355 696.648 452.712 46 53 58
74.2547 184.422 16.0588 162.643 179 165 156
74.9396 185.205 17.4853 164.369 147 134 127
78.6807 212.912 20.9015 193.206 200 214 221
85.8576 217.977 30.7408 199.011 66 85 85
86.5374 233.113 30.1095 214.219 37 57 55
87.167 209.955 31.509 190.91 252 253 254
91.1267 191.03 36.3025 170.408 235 247 248
92.4389 187.811 37.0963 167.092 126 138 139
92.702 198.481 38.9738 179.01 89 91 77
93.9915 219.489 42.2047 200.851 71 83 79
95.2636 234.227 41.3507 217.046 51 76 69
96.4317 210.064 43.4867 191.131 98 119 128
97.1272 190.559 42.8895 170.28 249 251 251
98.9655 229.234 47.1899 211.397 238 242 244
98.9655 229.234 47.1899 211.397 238 242 244
98.9761 286.506 44.6372 271.137 40 53 55
99.8616 214.766 47.8875 196.202 254 255 254
101.025 221.159 49.336 203.336 77 100 91
103.521 231.526 52.6387 214.51 217 227 237
104.956 218.105 53.6853 199.975 212 226 234
105.349 445.235 353.208 452.168 77 87 30
105.696 204.746 53.4938 184.821 255 255 254
106.014 208.715 53.898 189.862 109 124 114
107.576 220.401 56.786 202.413 68 88 87
108.966 217.154 57.4791 199.102 243 246 249
109.019 227.617 57.4161 209.264 108 113 102
113.438 240.004 60.3559 222.202 55 71 70
114.602 235.555 63.0879 218.301 254 255 255
115.107 209.733 64.8209 191.391 74 86 82
115.359 220.594 65.3666 202.842 255 255 255
118.003 463.278 141.792 444.902 31 41 43
121.651 445.326 358.243 449.901 39 47 27
121.912 247.971 70.9801 231.691 44 61 59
122.448 261.369 72.1633 246.242 45 59 61
122.448 261.369 72.1633 246.242 45 59 61
122.662 228.53 73.6037 211.217 255 255 255
123.064 261.773 72.1633 246.242 55 71 73
123.064 261.773 72.1633 246.242 55 71 73
125.497 531.168 358.935 507.663 144 155 148
128.751 541.382 714.648 459.574 50 60 71
129.33 224.062 82.2945 207.443 255 255 255
129.521 498.553 324.2 507.702 51 61 75
131.525 249.141 80.9211 232.726 247 249 250
132.984 259.024 82.9219 243.617 99 130 139
133.311 238.528 82.4595 221.513 254 254 254
134.294 248.188 83.9627 232.096 255 255 255
137.85 262.687 88.0002 247.302 254 255 254
138.846 269.491 89.6586 254.694 81 112 122
156.169 358.219 716.698 443.224 83 72 55
158.891 382.021 52.8856 285.072 197 185 150
159.161 271.972 113.291 253.267 255 255 255
165.606 297.296 709.395 371.268 251 251 248
173.922 448.363 71.8484 438.06 63 79 33
173.922 448.363 71.8484 438.06 63 79 33
175.109 451.85 72.6002 441.844 29 37 18
180.451 546.253 270.517 509.9 130 156 171
203.318 274.322 527.366 270.693 73 80 93
209.642 286.086 151.337 271.605 39 50 63
210.478 440.5 101.373 429.493 110 138 151
210.478 440.5 101.373 429.493 110 138 151
211.706 546.995 116.506 529.956 62 66 73
214.498 546.965 147.785 526.379 54 60 69
215.955 239.193 210.953 515.961 255 255 255
225.891 278.375 165.209 261.657 32 55 63
227.429 228.281 175.47 211.378 254 255 255
235.495 459.157 137.129 449.249 55 67 53
236.288 545.567 94.1705 532.114 74 84 94
237.339 214.075 165.96 222.929 255 255 255
239.281 334.622 174.098 321.412 69 95 115
240.859 455.121 141.792 444.902 15 23 15
240.895 313.751 176.403 299.578 68 95 116
242.006 305.95 178.113 290.545 86 95 102
242.359 332.381 177.135 319.352 34 50 55
244.916 310.287 179.706 295.931 23 35 40
247.084 358.157 179.304 345.574 23 32 35
250.208 299.259 185.444 283.045 74 77 82
251.206 328.736 183.781 315.768 68 95 119
251.415 311.235 184.951 295.829 89 104 117
252.996 351.206 184.369 338.623 44 48 57
253.162 285.973 187.678 270.55 87 88 92
253.852 369.107 196.874 358.637 45 51 58
254.715 333.982 186.948 320.019 51 56 64
257.34 357.743 188.165 345.22 53 83 102
259.485 380.34 189.059 368.557 19 37 43
260.382 267.776 194.882 251.574 145 145 139
261.306 354.848 191.586 341.833 25 37 38
262.41 295.516 194.983 281.082 89 89 94
264.112 303.559 195.916 288.195 254 255 253
264.112 303.559 195.916 288.195 254 255 253
264.198 316.678 195.744 303.085 144 144 131
267.826 547.238 226.918 444.89 121 128 127
268.031 376.162 195.891 365.078 44 48 56
269.139 243.392 203.154 226.052 232 229 204
270.674 304.174 201.301 289.665 54 86 112
276.098 454.99 174.662 445.07 39 47 33
276.68 341.71 205.074 328.114 100 101 97
277.112 371.922 259.958 338.092 14 21 26
279.088 458.946 177.376 449.568 18 23 28
281.154 453.539 196.318 443.465 26 36 27
281.734 272.961 212.22 257.165 94 98 104
281.876 456.113 180.587 446.053 39 50 32
281.94 461.76 181.285 452.849 105 132 150
285.242 228.794 217.304 210.941 250 250 249
286.474 337.81 212.842 325.192 56 59 67
286.604 362.997 212.14 350.725 60 64 70
287.815 183.188 419.934 100.943 163 189 214
288.305 409.365 211.833 398.301 14 22 25
292.087 289.162 220.09 273.428 26 44 49
293.202 317.577 219.898 303.849 139 137 128
293.219 223.982 224.011 205.698 255 255 255
294.846 311.704 221.473 297.692 144 144 129
295.239 298.589 222.211 283.759 141 144 139
295.967 177.045 235.967 158.955 255 255 255
296.166 346.058 221.101 332.207 23 37 39
296.541 338.808 221.428 325.277 175 171 152
296.541 338.808 221.428 325.277 175 171 152
296.923 405.881 219.182 394.781 43 47 54
297.964 448.215 233.16 440.058 74 99 119
298.974 180.291 351.316 124.541 126 149 178
300.283 287.82 226.953 272.339 109 118 131
300.283 287.82 226.953 272.339 109 118 131
300.698 228.836 230.736 210.372 51 72 95
300.946 296.379 226.946 281.265 105 121 134
302.324 274.041 229.598 257.857 200 190 176
302.39 463.107 194.811 453.477 22 25 38
302.39 463.107 194.811 453.477 22 25 38
302.48 217.598 232.143 198.741 240 239 226
302.693 413.347 225.973 402.863 15 23 25
304.017 443.573 216.182 433.933 11 17 21
304.06 211.59 233.793 192.663 250 250 249
305.188 461.344 197.913 451.67 116 144 162
306.328 372.268 227.922 360.234 55 58 64
306.33 318.146 230.502 302.787 60 66 76
307.603 216.093 236.512 197.239 200 196 195
309.911 334.143 232.534 320.643 59 64 72
309.982 374.413 231.135 362.304 80 109 127
313.105 382.536 232.969 370.66 49 52 59
313.204 330.466 235.634 316.999 89 98 108
313.737 320.423 236.627 306.41 87 96 106
316.595 278.193 241.189 261.931 129 141 149
316.88 195.224 244.868 175.725 252 253 250
317.423 340.995 239.195 327.045 24 40 44
320.175 278.27 243.846 261.988 116 127 135
320.341 216.395 247.727 197.461 66 85 109
320.454 327.041 241.755 313.684 85 100 114
321.74 450.123 233.16 440.058 93 118 133
322.486 284.301 245.304 269.364 116 133 146
325.043 538.509 73.5073 538.534 97 112 123
325.085 344.576 245.357 330.895 91 94 99
325.427 453.43 235.989 444.636 89 113 121
325.836 448.129 236.984 438.081 112 141 155
325.836 448.129 236.984 438.081 112 141 155
326.048 217.16 253.127 197.95 255 255 255
326.359 171.585 219.815 168.191 111 136 167
327.314 327.1 248.166 314.163 70 76 86
328.026 312.487 249.752 297.207 69 75 85
328.364 403.989 244.797 392.865 57 60 68
330.907 347.535 249.877 334.602 70 74 85
332.347 330.167 251.367 316.515 66 74 81
334.261 322.607 253.444 309.167 65 69 78
334.492 249.449 257.498 231.683 225 223 212
334.888 259.953 256.787 243.181 148 161 167
337.537 290.504 9.04944 333.151 121 130 137
337.658 330.135 256.625 315.962 89 97 107
338.008 262.79 259.788 245.378 61 68 88
338.151 307.667 257.998 293.406 116 123 128
338.578 164.392 250.027 155.304 255 255 255
339.157 278.158 259.998 262.939 154 163 168
340.176 256.151 262.297 239.097 104 109 115
340.259 361.742 257.159 352.286 22 30 30
340.259 361.742 257.159 352.286 22 30 30
341.307 366.915 258.384 355.061 34 35 28
341.611 334.662 259.724 320.937 25 42 45
342.981 202.444 267.475 182.512 57 75 99
342.981 202.444 267.475 182.512 57 75 99
343.826 311.089 262.223 296.733 94 102 113
345.788 358.259 262.844 346.552 81 90 101
346.028 162.422 226.918 444.89 255 255 254
348.475 329.034 265.748 315.57 96 106 117
348.637 276.779 267.98 262.026 122 128 140
349.793 203.772 274.607 184.416 255 255 254
350.289 204.343 274.607 184.416 255 255 254
351 303.767 268.638 289.036 109 122 132
351.03 205.479 274.607 184.416 255 255 254
352.3 464.663 258.995 457.197 60 70 80
352.961 408.575 266.595 398.092 52 80 100
353.459 207.031 525.353 258.604 184 185 192
355.057 291.283 273.22 275.881 84 101 124
355.152 317.646 272.032 303.571 79 95 116
355.249 300.344 272.989 285.302 83 103 125
356.369 468.585 297.787 468.695 119 143 161
357.584 320.67 275.149 306.699 91 112 135
357.584 320.67 275.149 306.699 91 112 135
358.951 244.757 278.834 226.421 83 104 131
359.514 471.842 213.767 457.277 36 42 58
360.051 374.461 275.992 362.731 77 87 103
364.177 583.105 525.353 258.604 58 61 71
368.779 580.92 515.57 242.709 101 107 108
369.777 174.782 294.069 154.648 86 111 141
371.53 533.75 146.377 529.936 92 110 124
372.586 392.466 288.458 381.429 138 167 180
372.586 392.466 288.458 381.429 138 167 180
372.586 392.466 288.458 381.429 138 167 180
373.54 296.084 294.317 281.48 84 103 125
378.105 247.165 301.01 230.502 83 104 131
378.105 247.165 301.01 230.502 83 104 131
384.357 263.239 308.092 247.631 99 123 147
384.976 217.013 310.179 199.192 93 117 141
385.96 190.846 310.964 175.731 99 123 155
387.776 296.109 310.53 282.055 83 102 126
388.285 532.148 146.377 529.936 94 113 127
388.652 253.098 313.18 237.099 95 115 139
392.145 298.67 315.318 284.933 83 100 123
393.501 467.354 299.6 460.545 57 67 78
393.566 472.856 262.529 462.1 109 133 150
395.787 249.925 321.483 234.02 98 126 152
395.787 249.925 321.483 234.02 98 126 152
396.741 459.944 303.544 452.716 9 11 21
399.338 250.88 325.876 234.867 102 126 156
401.207 460.077 309.241 452.896 83 106 123
401.409 195.327 329.729 176.972 98 125 152
401.452 248.385 328.419 232.805 85 106 134
401.609 174.629 322.885 152.642 197 209 216
401.778 203.086 329.744 185.263 98 125 149
404.07 242.044 331.934 226.931 127 173 202
404.819 464.912 312.409 458.475 36 40 47
406.69 181.195 336.325 164.087 73 87 115
407.585 179.925 345.065 164.523 79 97 123
408.746 143.887 419.934 100.943 143 169 193
409.435 177.071 346.071 160.655 176 208 225
409.981 177.869 347.11 162.2 221 237 241
410.717 140.509 349.051 121.986 248 249 248
413.209 429.864 322.903 424.392 15 19 22
419.389 214.74 349.837 198.099 135 171 202
419.915 166.971 401.788 136.319 151 194 212
420.443 270.316 349.532 256.322 137 180 208
420.89 188.537 353.295 171.161 75 91 113
421.175 247.117 350.887 232.087 127 168 201
422.673 187.151 353.966 170.761 77 90 114
423.689 245.501 353.704 230.457 73 86 111
424.243 216.551 355.293 200.111 75 91 117
425.716 167.845 380.385 145.342 146 179 198
427.13 519.447 525.353 258.604 131 157 174
427.877 184.881 364.521 169.165 232 242 244
430.822 137.059 351.316 124.541 107 137 171
433.171 168.859 427.372 135.531 152 196 214
434.584 481.18 291.951 471.628 128 150 167
436.612 471.288 263.061 455.845 78 88 97
441.929 180.154 375.005 163.39 172 211 226
442.672 216.16 375.842 200.861 108 121 132
443.403 462.787 267.469 448.938 10 13 21
443.403 462.787 267.469 448.938 10 13 21
459.595 205.381 396.556 189.351 146 183 207
462.249 161.914 428.639 135.705 157 195 214
465.184 153.255 375.52 143.954 138 185 204
472.962 185.85 440.072 161.643 125 159 187
474.468 182.463 441.925 158.596 210 235 233
475.13 281.039 417.968 266.27 171 204 215
486.179 279.24 417.968 266.27 164 195 213
489.1 473.468 367.403 464.988 34 41 54
493.081 485.065 352.773 478.098 124 147 163
493.681 458.521 358.243 449.901 34 45 35
502.106 485.089 352.773 478.098 123 146 163
503.069 179.263 437.303 163.874 144 176 194
506.845 130.306 441.062 114.411 200 208 212
508.482 111.152 445.114 93.0957 93 111 140
509.399 271.056 422.472 265.436 165 193 211
514.131 146.419 449.726 129.4 139 183 200
515.181 170.03 449.249 154.791 177 206 217
515.194 136.969 450.457 119.865 129 172 192
517.931 108.886 454.822 90.6704 53 95 138
518.951 140.6 454.546 123.958 56 106 153
520.189 175.097 454.347 158.988 49 111 158
520.303 112.995 457.516 95.2051 61 132 178
520.919 146.04 456.662 129.377 81 157 189
521.202 139.127 456.685 191.975 66 137 184
521.417 509.502 356.032 503.892 46 53 62
522.08 172.507 456.683 156.348 76 157 193
522.511 111.531 459.828 93.5083 56 81 112
523.524 142.737 459.71 126.102 56 84 119
524.388 248.312 456.427 256.813 145 193 213
525.349 275.427 456.11 263.598 146 187 213
525.378 269.391 456.427 256.813 143 185 211
527.537 252.104 459.49 239.321 52 73 102
527.79 194.508 461.995 179.293 92 157 195
529.205 179.076 464.126 163.474 64 124 179
530.039 317.487 459.305 306.22 35 49 72
530.488 255.8 462.147 242.826 133 175 201
530.749 250.684 462.641 237.905 154 194 219
531.407 271.244 461.979 259.423 150 185 211
533.127 315.683 472.386 311.482 135 179 207
533.159 501.141 373.086 495.098 43 51 59
534.712 247.561 467.337 235.087 160 196 222
535.408 119.04 487.482 109.655 44 71 108
538.405 253.489 331.934 226.931 145 188 213
539.546 120.96 478.172 103.798 77 112 153
540.641 464.543 291.187 455.593 31 39 47
541.622 139.397 480.434 124.236 67 138 188
543.719 467.137 330.523 462.225 47 58 74
544.804 189.367 483.165 175.084 28 41 58
545.715 183.003 484.279 169.498 65 115 128
547.135 156.002 486.351 141.002 32 51 69
547.446 126.18 487.482 109.655 45 81 118
547.86 263.661 320.906 466.154 40 67 86
548.465 456.107 172.106 359.523 13 23 15
549.355 256.87 484.831 245.506 59 113 128
550.3 202.08 487.446 188.507 29 46 64
551.978 187.133 489.968 172.773 70 111 134
552.237 199.303 489.485 186.077 73 108 133
552.337 260.704 487.385 248.933 24 41 59
552.337 260.704 487.385 248.933 24 41 59
553.162 129.805 493.748 113.958 48 77 113
554.606 316.312 487.972 307.395 37 57 70
554.652 189.94 492.604 176.191 38 62 81
555.47 204.315 492.994 191.011 25 38 57
555.669 258.994 490.793 247.333 62 102 122
555.961 323.486 488.26 312.933 21 37 53
556.555 344.665 488.007 334.518 24 40 55
557.339 294.591 490.996 283.475 62 99 122
557.89 132.09 498.583 115.987 182 223 254
558.377 262.772 493.448 251.064 21 37 57
559.172 146.972 499.079 131.548 51 62 81
559.271 389.646 489.01 380.213 19 31 42
559.271 389.646 489.01 380.213 19 31 42
559.726 158.405 499.19 144.429 54 63 81
560 297.574 492.604 176.191 30 51 66
561.346 261.254 496.944 249.816 61 93 119
561.475 324.74 494.096 314.377 21 35 52
561.475 324.74 495.061 381.156 21 35 52
561.678 192.549 499.999 178.785 46 55 73
561.877 192.632 499.999 178.785 46 55 73
562.384 280.474 497.133 269.435 62 90 114
562.439 345.397 494.41 335.407 18 28 42
562.439 345.397 494.41 335.407 18 28 42
562.624 285.23 497.671 316.911 58 80 100
562.984 236.908 499.2 224.401 49 60 78
563.161 207.094 501.043 193.632 48 57 74
564.36 271.671 499.461 260.337 43 54 70
564.643 247.788 500.556 235.791 45 56 73
564.987 390.392 495.061 381.156 16 24 33
564.987 390.392 495.061 381.156 16 24 33
565.687 254.385 500.289 168.957 47 58 76
566.023 412.907 495.302 403.966 12 16 22
566.418 286.163 500.91 274.831 45 53 68
567.343 293.516 501.823 282.569 43 52 67
568.096 306.677 501.982 295.905 38 47 61
569.426 410.392 499.114 401.784 43 60 76
570.088 355.604 501.679 346.04 34 40 52
571.277 376.352 502.095 366.667 32 38 49
571.931 175.166 510.001 160.893 65 81 101
572.638 129.604 635.251 188.61 91 111 135
572.638 129.604 512.357 114.189 91 111 135
574.073 186.924 511.52 191.75 66 83 104
574.116 192.503 511.365 178.65 68 86 106
574.836 210.942 511.443 197.83 67 84 104
574.892 205.028 511.52 191.75 67 82 103
575.253 219.11 511.111 206.271 65 82 102
575.566 156.602 514.022 141.886 100 127 157
576.529 174.781 514.408 160.567 103 132 161
577.622 243.119 512.639 230.853 69 87 110
578.553 259.095 512.881 247.529 66 81 99
578.702 194.831 515.307 180.875 102 133 162
579.088 274.33 512.789 262.944 56 68 85
579.445 269.497 513.214 258.13 62 77 96
579.556 159.014 518.593 145.251 99 125 155
580.07 285.946 513.271 274.83 60 77 95
580.603 323.551 512.632 313.506 54 63 78
581.118 293.928 511.111 206.271 65 81 104
581.315 310.944 513.569 300.62 53 67 82
581.721 266.53 515.559 255.009 103 132 156
582.038 253.867 517.081 241.667 105 136 161
582.306 320.831 514.1 310.351 56 65 80
582.554 276.422 515.839 264.976 101 124 147
582.568 315.969 514.497 305.598 65 79 96
582.883 333.618 514.191 323.4 49 58 71
583.818 342.885 514.502 332.933 53 62 75
583.997 140.636 524.47 125.736 98 121 151
584.637 157.126 524.655 142.942 100 126 155
584.849 376.215 514.788 366.785 43 50 61
585.105 376.287 514.788 366.785 43 50 61
586.016 309.94 517.081 241.667 99 120 139
586.98 332.635 518.309 322.748 89 105 118
587.205 147.709 528.318 139.025 79 96 122
587.424 345.486 517.842 335.576 91 104 116
587.505 323.531 519.38 313.497 95 116 135
587.509 354.207 517.861 344.467 89 102 112
589.001 181.784 518.593 145.251 110 155 185
589.103 374.49 519.036 365.032 79 89 98
589.386 390.231 518.386 380.783 114 119 113
589.656 238.68 526.632 226.909 105 136 163
590.367 283.62 525.015 272.835 111 138 160
590.714 268.664 525.353 258.604 98 122 146
591.087 250.472 527.074 238.053 103 132 159
592.175 280.996 527.832 305.661 93 116 139
592.526 388.315 521.806 379.219 61 70 79
593.019 289.522 527.622 278.915 100 122 143
593.935 308.018 527.862 297.97 100 123 144
596.079 250.336 245.304 269.364 145 185 206
597.02 154.338 538.622 141.371 80 95 120
598.018 314.454 531.231 304.581 143 189 210
598.319 205.792 538.088 193.339 93 161 199
599.531 410.431 528.791 401.777 56 63 73
599.751 231.267 538.055 219.85 104 169 204
600.256 170.569 541.583 157.345 84 103 129
601.282 202.982 541.117 190.64 64 126 178
602.164 177.662 543.422 164.978 78 151 193
603.861 201.835 544.099 189.346 85 155 195
604.965 283.793 542.462 307.061 161 194 210
605.815 227.094 544.961 215.359 88 160 198
606.609 205.201 546.86 193.229 76 102 132
606.643 236.057 545.581 224.708 101 162 202
608.63 229.506 547.962 218.237 80 104 130
610.037 217.304 472.349 277.984 106 140 167
610.922 290.246 547.628 280.526 142 185 207
610.939 227.541 550.424 216.033 109 138 166
612.987 318.361 548.527 308.302 140 187 212
613.011 433.21 541.629 425.328 50 50 35
613.216 287.944 550.352 277.995 75 90 112
613.354 323.896 548.68 314.563 123 183 209
615.496 411.836 546.872 403.493 57 68 77
616.628 419.363 548.178 410.855 36 40 46
616.858 332.487 116.506 529.956 67 81 96
617.41 507.486 452.467 502.189 49 51 54
617.527 399.59 549.507 390.94 69 82 100
618.241 403.138 549.942 394.669 118 150 175
618.339 501.67 455.377 495.954 52 55 57
624.12 412.793 556.342 404.595 59 67 78
625.213 373.047 559.719 364.451 73 82 91
630.184 392.149 564.14 383.615 83 96 104
633.715 211.111 577.362 200.236 97 126 160
634.008 205.333 577.909 193.926 98 134 167
634.51 238.827 576.351 228.544 108 138 164
636.716 414.039 570.376 405.914 57 66 77
636.855 173.291 581.884 161.767 80 97 123
637.153 202.963 602.393 202.446 169 204 217
637.612 222.582 580.741 212.17 82 103 125
639.306 218.897 582.697 207.942 106 175 211
640.61 227.668 583.95 217.908 88 111 135
640.61 227.668 583.95 217.908 88 111 135
640.749 337.487 578.392 328.078 102 124 139
641.113 413.352 575.302 405.129 59 70 80
643.669 332.224 582.051 323.133 101 122 138
643.874 248.211 586.539 238.619 107 136 160
644.249 357.009 581.54 348.376 99 112 120
644.284 325.398 597.902 376.123 105 131 149
645.268 351.475 582.914 342.719 95 111 122
645.43 232.555 588.824 222.353 81 100 124
645.723 194.585 590.92 183.521 105 129 155
646.744 305.356 587.268 297.231 169 206 220
647.211 206.593 612.146 207.628 104 134 163
647.211 206.593 592.111 196.066 104 134 163
647.336 331.209 586.526 322.922 76 88 104
647.653 413.366 582.854 404.884 60 70 81
647.905 215.202 612.513 215.927 108 137 166
648.609 222.082 592.929 212.004 112 143 170
648.695 297.643 589.602 288.601 105 130 147
648.695 297.643 589.602 288.601 105 130 147
648.988 292.579 791.897 575.001 106 132 150
649.677 176.302 596.153 165.96 91 107 132
650.079 177.026 596.153 165.96 91 109 133
650.403 357.62 588.105 349.19 99 112 120
650.958 302.819 612.872 300.545 48 67 84
652.982 212.584 598.105 202.961 90 113 137
653.881 275.137 616.445 273.38 188 218 229
653.934 248.567 597.821 239.061 106 130 148
655.06 303.534 616.814 301.314 108 130 145
655.319 285.942 597.452 276.838 84 103 123
655.319 285.942 597.452 276.838 84 103 123
655.338 252.871 599.061 243.625 50 63 86
656.85 209.122 621.408 209.665 91 169 208
656.972 213.351 602.393 202.446 125 188 215
657.218 366.124 594.193 359.101 88 100 107
658.577 325.651 598.694 316.937 105 129 143
659.287 395.655 596.028 387.74 80 90 98
659.454 332.815 599.514 324.326 101 124 138
659.858 413.442 595.755 405.505 58 66 76
660.072 255.089 603.613 245.587 112 142 164
660.207 341.375 599.837 333.077 100 118 131
660.575 236.527 605.103 227.461 83 106 129
661.676 261.957 605.134 252.627 116 142 165
661.885 353.97 600.894 345.384 99 113 124
661.885 353.97 600.894 345.384 99 113 124
662.041 187.665 608.796 177.156 108 137 165
662.482 188.79 608.796 177.156 108 137 165
662.622 194.551 609.365 184.549 109 136 165
663.348 419.145 599.204 411.011 17 26 27
663.58 250.996 607.895 241.579 84 99 122
663.718 400.111 600.685 391.906 53 59 64
663.78 193.5 590.166 169.366 107 132 161
663.839 234.811 608.802 225.75 87 106 130
664.439 500.68 517.131 493.906 7 8 13
664.625 491.377 517.785 484.34 18 23 30
665.919 299.801 594.922 235.117 111 138 159
665.919 299.801 608.255 291.006 111 138 159
665.995 217.066 612.146 207.628 112 138 167
666.612 225.009 612.513 215.927 112 138 165
667.071 291.898 610.04 283.107 109 133 153
667.081 258.665 611.115 249.941 84 109 130
667.081 258.665 611.115 249.941 84 109 130
667.239 230.64 612.88 220.99 113 140 165
668.839 242.629 613.956 233.12 116 143 168
669.976 491.945 524.973 484.885 77 85 89
670.417 308.978 612.872 300.545 40 56 70
670.656 262.691 594.91 246.41 172 211 224
670.7 362.083 629.939 357.619 95 108 115
672.488 234.583 618.436 225.611 90 110 133
672.718 281.994 616.445 273.38 180 214 224
673.584 347.875 613.839 339.651 75 86 96
673.764 260.562 599.061 243.625 56 70 89
673.925 203.743 622.656 194.795 84 101 123
673.925 203.743 622.656 194.795 84 101 123
674.237 291.436 617.907 283.21 86 102 123
674.382 309.587 616.814 301.314 113 134 152
674.571 218.574 621.408 209.665 103 179 212
675.604 349.861 616.353 341.902 74 83 95
676.393 236.749 622.417 227.447 131 197 225
677.912 262.369 622.628 253.518 117 147 169
678.769 306.815 621.81 298.402 91 108 124
678.795 317.401 621.592 309.463 105 127 143
679.144 200.136 627.037 190.817 110 140 168
679.521 269.116 624.041 260.727 116 141 163
679.539 344.582 620.669 336.456 105 125 138
679.75 396.705 596.028 387.74 80 91 95
680.062 205.264 627.537 195.9 114 144 171
680.615 334.549 622.318 326.261 100 119 135
680.727 252.921 627.984 245.701 81 99 122
680.751 362.339 640.059 357.999 83 96 105
680.915 219.388 627.924 210.561 115 144 170
681.566 213.031 628.98 203.805 114 144 170
681.627 226.471 628.368 216.831 117 147 174
683.193 393.998 586.526 322.922 56 62 67
683.902 304.042 627.479 295.661 114 136 153
684.698 247.423 631.182 239.011 117 146 170
685.126 315.985 608.825 303.285 173 212 222
685.128 316.097 608.825 303.285 173 212 222
685.128 316.097 628.313 308.095 173 212 222
685.224 254.109 631.171 245.651 117 147 168
685.44 299.725 629.342 291.42 114 138 156
685.941 471.557 552.643 463.606 152 161 168
687.001 261.9 632.59 253.408 122 147 169
687.516 337.09 609.998 323.041 144 204 223
688.013 269.492 633.575 261.647 183 219 227
688.013 269.492 633.575 261.647 183 219 227
688.406 314.921 612.872 300.545 48 64 84
688.518 476.606 555.662 468.851 96 51 67
689.148 472.604 555.697 464.999 34 16 28
690.22 288.749 634.973 279.943 176 217 226
693.091 93.3153 690.565 89.152 194 228 255
693.154 316.163 636.784 308.131 118 140 157
694.085 335.137 636.576 327.219 118 143 156
694.498 330.687 637.371 322.143 118 141 155
695.923 348.807 637.882 341.081 108 129 140
697.137 353.694 605.643 287.595 111 130 141
704.08 482.544 569.526 474.869 16 20 26
709.124 336.495 661.392 315.65 255 255 255
710.234 492.981 576.615 485.741 9 10 15
712.429 511.027 147.785 526.379 69 88 102
713.079 590.979 713.147 590.947 0 0 0
715.638 344.671 780.949 78.135 240 242 243
716.126 348.329 683.501 343.176 53 69 46
725.339 476.331 594.818 467.481 51 45 52
732.71 485.004 324.2 507.702 16 21 29
743.84 487.611 621.217 479.629 76 85 92
753.293 435.71 716.727 428.51 49 66 71
766.265 593.94 766.043 593.959 0 0 0
767.338 468.286 646.985 461.987 57 58 57
773.04 364.613 739.458 359.293 255 255 255
776.534 460.468 696.416 452.039 47 47 45
778.089 594.977 766.043 593.959 0 0 0
780.17 363.218 745.761 357.926 111 109 65
791.848 305.252 791.848 305.252 0 0 0
792.352 477.878 791.843 477.721 0 0 0
792.915 478.416 791.843 477.721 0 0 0
793.864 218.271 791.848 305.252 0 0 0
794.757 592.062 793.994 591.54 70 83 89
795.077 543.606 794.988 544.071 0 0 0
