5.08304 116.978 49.0748 166.783 255 255 255
8.59339 428.455 8.02972 452.031 92 111 119
13.5028 431.628 509.4 412.766 72 86 96
13.5028 431.628 8.02972 452.031 72 86 96
17.9628 246.402 303.225 184.717 27 37 36
28.0291 493.4 348.721 283.829 48 55 61
46.0733 430.849 746.511 452.693 99 119 134
47.0875 526.478 559.356 261.083 58 72 90
49.7568 54.0226 109.629 538.602 53 70 96
55.8866 497.051 540.983 228.848 95 119 139
56.5676 538.55 644.833 572.771 82 97 111
59.6058 160.936 79.511 194.447 215 237 244
70.4278 192.85 90.6971 225.207 81 99 98
71.3567 593.906 578.159 589.874 0 0 0
74.4741 189.732 94.8855 221.773 211 219 224
84.4081 215.133 90.9242 242.938 62 81 81
85.3503 192.719 105.73 224.154 254 255 254
86.9764 187.794 105.56 219.196 150 165 174
87.2594 491.178 540.983 228.848 94 116 134
88.1708 436.688 584.562 419.062 60 65 68
88.285 592.839 578.159 589.874 0 0 0
100.265 491.756 540.983 228.848 95 120 139
107.735 212.758 120.34 241.347 255 255 255
108.74 222.634 121.183 251.675 255 255 255
112.236 591.883 578.159 589.874 0 0 0
112.276 237.507 125.132 265.966 255 254 254
113.463 522.022 348.036 480.684 70 83 98
115.765 247.749 130.027 259.618 254 255 255
116.75 231.328 130.027 259.618 255 255 255
117.537 504.015 746.511 452.693 120 143 157
130.246 439.745 109.102 553.197 68 79 85
131.453 332.684 671.563 498.484 48 55 61
131.96 414.09 546.181 240.108 83 95 104
132.831 344.075 132.885 375.893 220 209 178
133.229 348.403 132.885 375.893 236 227 194
134.57 351.668 135.062 378.442 29 36 34
144.168 431.17 787.059 466.997 43 58 32
157.765 282.803 244.19 256.862 132 145 139
161.502 283.554 270.906 207.19 36 47 61
165.176 274.247 558.389 235.197 88 101 108
168.397 359.056 35.9194 228.001 63 60 54
171.047 395.101 748.603 445.178 18 24 19
183.015 382.794 565.637 364.903 41 44 40
195.659 520.455 552.057 360.442 97 108 114
240.145 416.952 117.297 445.675 116 154 178
256.598 362.477 253.609 375.135 48 74 93
274.581 195.483 449.932 208.219 155 200 224
278.669 234.641 291.769 276.405 155 169 170
287.124 427.381 23.1234 566.732 21 29 24
302.536 321.072 244.266 338.326 187 180 163
302.985 249.327 250.748 261.087 97 107 113
305.347 533.054 606.926 586.359 87 108 123
305.621 186.692 255.485 193.673 221 217 215
306.205 280.433 250.123 292.705 110 121 130
317.508 419.793 115.547 513.021 14 23 27
317.679 265.646 259.881 274.774 31 48 51
317.679 265.646 259.881 274.774 31 48 51
318.587 157.041 337.639 146.394 146 174 197
333.242 423.604 255.811 454.078 103 131 144
344.965 194.531 582.581 217.635 211 212 213
345.054 211.038 294.779 512.221 205 211 212
356.12 382.136 279.628 404.942 66 71 80
357.937 253.724 289.662 258.447 226 219 203
365.881 278.39 294.655 285.224 87 103 127
366.403 264.752 349.942 225.176 83 99 120
369.053 233.762 300.005 234.924 85 106 130
370.594 167.803 157.638 295.414 92 112 143
373.387 142.76 337.639 146.394 125 163 188
375.092 438.373 294.561 478.446 52 61 72
379.623 438.977 294.561 478.446 58 70 81
381.739 218.197 317.895 218.196 81 102 126
381.739 218.197 317.895 218.196 81 102 126
382.474 228.549 318.586 229.585 82 103 128
382.531 372.854 310.104 394.166 147 170 189
384.546 187.871 323.17 185.561 84 107 135
384.546 187.871 323.17 185.561 84 107 135
385.085 216.293 322.772 216.181 100 124 153
389.154 288.215 325.667 296.152 99 121 144
389.8 432.112 308.906 468.297 80 104 121
390.967 392.558 353.227 444.782 40 42 29
394.895 182.152 331.939 184.468 94 117 148
396.24 432.356 319.08 469.314 78 104 120
398.929 136.089 337.639 146.394 132 155 179
399.287 536.644 109.102 553.197 85 103 117
401.049 132.949 364.069 133.868 242 252 252
404.764 223.971 559.842 274.666 84 106 130
404.77 165.826 367.655 168.442 150 195 217
405.069 250.666 349.155 254.223 82 102 126
405.316 261.561 347.654 273.808 86 108 133
406.51 187.194 352.202 184.093 98 121 148
406.514 193.935 352.383 192.321 99 118 142
408.553 261.129 566.107 316.751 142 173 202
410.119 200.284 794.682 591.961 126 169 199
413.517 442.406 294.561 478.446 52 62 77
413.998 433.51 296.293 193.109 79 103 122
418.616 437.432 383.582 475.492 38 43 52
419.012 156.865 381.725 156.919 148 190 209
423.938 438.095 301.965 472.64 35 41 49
424.143 192.944 609.326 159.111 80 96 116
424.943 285.037 115.547 513.021 59 76 101
425.524 129.086 337.639 146.394 126 150 174
425.698 234.654 377.051 267.273 69 86 109
425.987 230.977 376.832 262.127 70 82 108
426.407 206.967 378.623 206.808 71 87 115
426.507 174.645 388.428 175.664 225 239 241
427.875 197.512 380.343 196.303 97 114 132
428.371 434.599 308.906 468.297 78 102 117
432.293 431.469 314.618 464.162 10 15 20
432.293 431.469 314.618 464.162 10 15 20
435.816 435.091 319.08 469.314 85 108 126
450.892 445.772 235.566 254.873 63 75 88
455.945 150.568 468.94 128.082 132 152 171
462.5 443.916 332.23 480.892 80 94 103
463.813 260.706 266.381 406.65 165 194 213
466.062 440.218 336.262 475.764 32 37 41
470.302 407.245 746.511 452.693 57 62 60
474.221 446.885 222.667 465.643 38 46 61
482.975 232.426 444.01 283.935 169 203 222
483.379 264.024 466.791 241.831 161 193 210
493.439 524.8 738.315 357.974 102 116 122
498.937 439.977 383.582 475.492 30 35 41
501.298 527.321 345.66 536.859 98 115 125
503.185 466.433 582.49 212.368 141 166 182
505.509 254.06 582.49 212.368 165 191 210
506.371 439.521 383.582 475.492 32 37 45
512.478 166.095 474.448 157.756 146 188 205
512.987 133.34 474.849 123.098 143 179 197
513.515 108.386 476.188 94.6568 129 165 185
513.548 103.53 475.881 89.8523 184 199 216
516.087 105.967 478.843 92.5484 60 91 139
518.544 109.71 478.843 92.5484 50 104 145
518.808 167.807 485.209 332.698 75 157 194
518.827 110.676 478.843 92.5484 52 106 149
519.356 138.27 482.258 126.976 52 110 157
519.422 200.381 482.93 194.919 84 152 200
520 240.464 483.331 239.122 143 194 217
520.565 260.342 484.897 262.496 147 189 212
522.942 138.68 490.055 264.101 88 152 192
523.158 263.415 487.326 265.3 47 73 101
523.158 263.415 487.326 265.3 47 73 101
524.024 305.086 488.154 312.968 38 54 76
525.505 174.662 490.69 166.774 62 132 187
526.45 455.438 346.377 499.84 126 148 165
526.686 276.966 444.01 283.935 150 193 223
535.531 441.475 266.493 467.556 48 58 68
536.649 170.329 514.796 238.555 69 120 136
537.587 477.569 328.496 533.97 95 105 111
539.143 178.532 511.435 171.693 57 105 122
539.511 442.03 119.392 567.629 38 46 59
541.008 248.563 513.868 249.387 53 107 125
541.568 273.606 514.902 277.139 51 101 114
543.428 251.975 516.816 252.98 23 41 57
543.428 251.975 516.816 252.98 23 41 57
545.128 476.828 342.186 532.896 81 88 92
545.86 154.978 521.078 193.422 31 52 72
546.568 440.474 348.036 480.684 43 58 73
547.215 198.637 521.078 193.422 29 45 64
548.845 254.017 523.336 255.247 23 38 56
550.105 369.444 524.999 389.516 52 77 95
550.68 563.756 374.026 410.856 88 105 117
551.144 331.043 526.535 343.515 22 35 49
551.537 162.603 526.057 153.07 50 63 79
551.867 155.219 526.388 145.766 51 61 80
552.384 371.962 528.591 392.276 16 25 38
553.128 187.606 528.043 180.454 46 57 75
553.177 178.455 528.27 170.34 45 56 74
555.066 267.595 530.951 270.378 43 52 67
555.59 288.028 528.043 180.454 41 51 66
555.669 276.16 531.581 279.308 45 54 70
556.599 295.221 533.357 301.753 39 48 63
556.883 295.308 533.357 301.753 39 48 63
557.095 335.797 534.629 354.624 37 44 56
558.828 473.922 366.181 529.395 43 49 59
563.106 171.915 540.983 228.848 65 81 100
564.333 156.215 538.654 144.537 71 87 109
564.367 162.603 538.799 152.084 70 86 107
565.209 188.191 539.879 180.01 67 85 105
565.431 456.036 382.484 502.316 146 170 182
565.766 205.875 540.424 199.519 70 90 111
565.848 221.674 540.983 228.848 62 79 100
565.957 194.918 540.599 187.498 74 90 112
567.496 236.304 542.9 233.615 64 83 104
567.706 245.798 543.201 244.627 68 87 106
567.943 242.81 543.481 241.055 69 85 107
569.026 276.204 544.791 279.291 64 79 100
569.034 269.341 544.953 271.234 54 68 89
569.336 291.332 545.806 296.583 56 71 90
569.99 327.283 546.985 338.195 55 64 79
570.101 308.611 547.031 316.502 57 68 85
570.471 320.486 547.397 330.336 51 61 78
570.63 154.749 546.626 145.337 100 127 158
570.995 359.366 548.761 376.196 43 52 62
571.421 359.459 548.761 376.196 43 52 62
572.089 284.853 542.634 161.413 107 134 155
572.358 368.635 550.135 387.673 48 55 67
572.616 386.585 550.615 409.134 37 44 54
574.334 339.386 552.012 352.63 96 108 116
574.596 311.159 552.84 319.816 102 124 142
575.072 372.014 553.702 391.893 109 116 113
575.584 161.43 554.067 150.845 98 123 150
575.859 208.308 560.3 312.795 105 137 166
576.794 217.977 560.3 312.795 104 134 162
577.748 370.724 557.384 389.842 67 76 86
578.343 167.704 557.578 157.525 84 155 197
578.375 242.986 560.986 293.227 109 138 163
579.14 288.426 560.3 312.795 101 124 147
581.13 380.476 563.425 402.377 65 76 85
581.827 383.312 563.611 405.562 55 29 39
582.897 349.817 563.807 336.353 91 97 103
585.125 149.777 567.177 141.436 78 96 120
589.452 174.125 573.575 165.745 82 156 200
591.667 221.187 576.914 217.046 101 167 205
592.556 542.781 651.073 572.141 100 116 126
593.081 157.772 577.639 146.969 104 134 166
593.703 170.313 578.999 160.342 104 134 163
594.436 275.903 581.497 278.778 159 198 216
595.858 306.321 583.826 314.184 142 189 216
596.257 391.638 584.602 415.719 58 68 79
597.15 398.475 586.325 424.367 38 43 49
598.268 549.725 257.428 536.933 92 108 120
608.759 373.612 603.273 394.312 86 99 108
610.436 395.933 607.358 420.886 37 42 50
613.39 393.429 610.754 418.146 59 71 81
615.77 232.208 610.763 230.499 115 143 169
616.406 396.197 615.239 422.022 14 23 26
617.234 392.917 615.902 417.356 59 70 81
618.396 198.7 637.83 203.454 150 199 222
618.477 216.899 614.857 213.338 82 103 128
618.56 194.403 658.682 210.197 89 169 210
621.939 336.82 622.054 350.344 100 117 129
622.235 233.391 620.327 230.219 88 111 135
622.768 393.115 624.05 417.089 61 71 81
622.79 392.914 624.05 417.089 61 71 81
623.054 241.132 622.201 240.637 111 139 164
624.151 293.7 625.052 301.779 180 213 228
624.338 318.335 625.133 329.119 80 97 111
624.569 226.205 383.582 475.492 90 111 134
626.017 190.512 624.893 183.72 107 133 160
626.304 287.586 650.849 300.274 104 128 148
627.796 216.578 627.953 212.957 114 145 173
627.916 292.16 652.888 305.327 48 68 86
629.759 238.568 631.011 237.107 114 142 167
629.759 238.568 631.011 237.107 114 142 167
630.976 350.197 635.784 367.01 93 106 112
631.151 363.562 639.263 386.958 90 103 111
631.801 276.334 635.38 280.972 89 107 127
632.148 214.63 633.859 211.47 86 110 134
632.176 392.974 638.946 417.751 60 68 80
632.437 377.009 638.155 398.307 85 99 106
633.714 312.814 660.58 324.911 112 134 151
634.586 327.698 640.09 340.028 101 120 135
634.91 204.154 658.682 210.197 105 181 216
635.608 338.849 641.846 352.59 102 116 128
635.932 373.138 625.133 329.119 61 68 77
636.253 368.128 650.723 329.02 184 218 223
637.316 230.075 641.813 228.954 85 106 129
638.368 264.534 660.58 324.911 114 140 163
639.76 244.088 645.114 243.344 85 105 125
639.985 228.966 645.628 226.953 87 108 131
642.156 251.142 649.38 252.045 82 101 127
642.82 346.476 674.409 366.302 101 114 123
643.839 298.037 652.888 305.327 50 70 89
644.681 325.281 654.545 337.206 80 93 105
644.681 325.281 675.904 342.288 80 93 105
644.772 384.457 655.999 407.296 78 89 95
645.057 247.153 652.716 247.38 117 145 167
647.579 228.585 655.939 226.714 91 119 146
648.41 304.559 659.225 313.332 118 141 159
651.604 254.566 661.853 255.992 120 148 168
651.725 244.712 667.519 247.426 87 106 129
652.236 370.842 650.723 329.02 188 220 222
653.27 267.047 665.109 270.534 116 141 164
655.079 213.825 665.462 210.716 119 145 173
655.157 293.286 668.68 299.948 119 142 160
655.157 293.286 668.68 299.948 119 142 160
655.162 78.6625 708.257 97.6593 193 227 255
656.348 226.779 667.901 225.46 121 149 176
658.597 538.064 758.094 552.316 71 85 94
659.182 254.604 672.488 255.849 125 152 173
659.555 260.697 673.916 264.306 162 196 214
662.616 304.302 679.679 313.736 126 150 166
662.931 322.494 667.901 225.46 124 146 161
663.343 317.957 680.798 328.628 124 147 163
664.389 329.856 670.28 240.524 114 137 151
664.408 314.214 559.771 266.902 112 135 149
669.275 466.484 552.155 518.354 9 9 14
669.884 332.559 543.201 244.627 115 133 148
674.615 389.992 294.204 234.92 85 95 94
712.025 531.468 292.317 576.246 62 75 83
719.053 570.434 288.461 554.605 48 60 75
731.289 513.174 553.33 135.372 101 117 124
745.273 341.817 723.541 344.35 255 255 255
753.554 342.456 753.25 375.353 255 255 254
765.907 374.566 44.7215 278.246 33 43 35
768.313 438.287 526.128 164.67 44 51 53
772.642 356.933 716.376 342.748 255 255 255
776.376 348.96 794.682 591.961 255 255 255
778.113 594.943 778.071 594.981 0 0 0
785.716 455.31 785.133 499.77 111 130 142
791.848 305.252 791.848 305.252 0 0 0
792.043 476.773 793.969 528.084 0 0 0
792.852 254.254 791.848 305.252 0 0 0
792.966 507.02 793.969 528.084 0 0 0
793.852 218.301 792.853 254.262 0 0 0
793.945 528.181 793.969 528.084 0 0 0
794.726 592.082 794.682 591.961 68 82 91
794.726 592.082 794.682 591.961 68 82 91
794.843 190.299 792.853 254.262 0 0 0
