21.7073 450.9 285.947 547.628 36 47 31
42.2678 420.591 763.901 490.218 34 45 84
45.2097 406.967 763.901 490.218 41 47 87
54.7058 517.352 540.983 228.848 40 38 40
69.0292 193.4 55.4113 196.018 252 252 253
70.8934 181.979 59.9323 185.58 254 255 254
72.8194 192.039 60.1577 195.522 235 237 238
77.4995 226.634 46.6997 334.638 35 56 55
83.0657 186.648 69.7635 190.069 92 97 81
85.6195 190.123 75.2374 194.135 229 241 245
85.8576 217.977 74.0936 221.954 66 85 85
87.167 209.955 74.6565 214.022 252 253 254
91.1267 191.03 79.511 194.447 235 247 248
92.4389 187.811 80.5647 191.22 126 138 139
92.702 198.481 82.5343 202.578 89 91 77
95.3906 359.796 17.7379 172.459 82 68 36
97.1272 190.559 85.1741 193.887 249 251 251
98.9655 229.234 88.7858 232.837 238 242 244
98.9761 286.506 84.77 290.508 40 53 55
99.8616 214.766 89.6207 218.468 254 255 254
100.824 299.582 190.795 303.04 174 175 179
101 515.932 402.465 529.893 129 149 153
101.025 221.159 90.6971 225.207 77 100 91
103.521 231.526 93.7 235.819 217 227 237
104.956 218.105 94.8855 221.773 212 226 234
105.349 445.235 373.113 469.189 77 87 30
106.014 208.715 94.943 211.973 109 124 114
110.977 216.75 101.32 220.554 238 245 248
115.107 209.733 104.777 212.928 74 86 82
115.107 209.733 104.777 212.928 74 86 82
115.359 220.594 105.73 224.154 255 255 255
116.964 443.501 24.6909 449.686 37 45 26
121.651 445.326 24.6909 449.686 39 47 27
123.064 261.773 110.865 265.856 55 71 73
127.347 259.333 114.231 261.868 246 247 249
128.751 541.382 348.721 283.829 50 60 71
129.33 224.062 122.102 228.967 255 255 255
132.054 509.632 772.128 477.623 73 66 62
132.984 259.024 119.89 261.561 99 130 139
133.311 238.528 120.34 241.347 254 254 254
134.294 248.188 121.183 251.675 255 255 255
135.915 503.009 299.088 462.629 65 57 63
137.85 262.687 125.132 265.966 254 255 254
142.458 256.36 130.027 259.618 255 254 254
145.884 508.254 297.587 172.976 58 67 79
148.043 559.223 504.863 452.961 63 77 91
151.615 297.285 140.695 299.808 133 151 157
158.891 382.021 190.795 303.04 197 185 150
159.161 271.972 147.094 271.155 255 255 255
160.626 463.209 47.7113 471.239 32 38 44
171.529 373.05 193.548 300.855 53 50 41
175.437 546.737 257.428 536.933 123 147 161
180.451 546.253 266.064 538.013 130 156 171
191.056 554.943 586.61 247.54 96 116 125
203.318 274.322 559.842 274.666 73 80 93
203.363 274.21 559.842 274.666 73 80 93
225.891 278.375 193.65 277.985 32 55 63
236.288 545.567 300.151 537.143 74 84 94
244.326 287.199 207.209 286.305 101 108 113
244.916 310.287 206.329 309.53 23 35 40
249.089 377.982 189.561 392.736 40 46 51
250.208 299.259 211.002 297.484 74 77 82
251.206 328.736 209.614 329.58 68 95 119
252.996 351.206 209.994 352.263 44 48 57
254.715 333.982 212.449 333.27 51 56 64
255.163 382.986 253.609 375.135 58 85 102
261.306 354.848 216.505 355.335 25 37 38
262.41 295.516 220.314 294.634 89 89 94
264.112 303.559 220.724 304.572 254 255 253
268.057 189.437 235.518 185.525 137 170 204
268.57 290.83 225.194 289.434 95 98 102
275.894 461.235 189.841 469.153 108 134 148
277.475 183.425 244.15 179.345 255 255 255
278.772 297.512 232.912 295.267 181 177 159
279.088 458.946 193.84 466.428 18 23 28
281.734 272.961 236.394 270.329 94 98 104
281.876 456.113 197.145 462.795 39 50 32
284.732 176.17 734.724 352.495 255 255 255
285.242 228.794 241.693 223.775 250 250 249
286.474 337.81 236.518 338.744 56 59 67
286.604 362.997 235.41 363.87 60 64 70
286.69 551.027 345.66 536.859 105 118 126
289.353 346.167 238.355 345.799 140 139 125
290.597 245.794 253.638 347.101 180 180 181
290.821 271.264 243.215 266.9 178 176 166
290.821 271.264 243.215 266.9 178 176 166
292.087 289.162 243.881 285.136 26 44 49
292.567 182.455 342.047 145.487 132 171 202
293.219 223.982 247.931 218.479 255 255 255
296.166 346.058 244.12 344.851 23 37 39
296.541 338.808 244.266 338.326 175 171 152
296.541 338.808 244.266 338.326 175 171 152
300.283 287.82 250.372 284.154 109 118 131
300.283 287.82 250.372 284.154 109 118 131
300.698 228.836 254.738 221.713 51 72 95
300.946 296.379 250.123 292.705 105 121 134
302.324 274.041 252.358 269.942 200 190 176
302.324 274.041 252.358 269.942 200 190 176
302.39 463.107 209.64 470.722 22 25 38
302.39 463.107 209.64 470.722 22 25 38
302.48 217.598 255.912 210.317 240 239 226
304.06 211.59 257.372 204.409 250 250 249
306.328 372.268 250.367 373.295 55 58 64
306.945 447.541 257.394 455.096 84 110 125
307.316 276.561 256.165 272.151 126 134 139
307.603 216.093 259.889 208.566 200 196 195
309.504 289.325 258.403 281.922 47 82 90
311.808 280.177 259.881 274.774 33 52 57
313.204 330.466 258.303 328.473 89 98 108
316.595 278.193 263.997 272.639 129 141 149
316.972 334.053 260.966 332.053 96 108 116
317.423 340.995 261.724 338.465 24 40 44
317.423 340.995 261.724 338.465 24 40 44
320.175 278.27 266.446 272.322 116 127 135
322.486 284.301 543.118 149.976 116 133 146
324.968 461.146 247.574 468.731 114 141 159
325.043 538.509 586.976 277.958 97 112 123
325.427 453.43 248.005 460.547 89 113 121
325.836 448.129 248.894 453.546 112 141 155
325.836 448.129 248.894 453.546 112 141 155
326.359 171.585 246.522 182.404 111 136 167
327.523 466.815 227.061 474.949 35 43 57
328.364 403.989 266.381 406.65 57 60 68
334.261 322.607 275.268 320.026 65 69 78
334.39 263.471 278.443 257.374 144 153 161
334.492 249.449 278.942 241.742 225 223 212
334.639 269.973 278.595 263.081 41 64 61
336.89 206.005 582.581 217.635 228 229 229
337.15 305.162 279.014 300.704 116 124 131
337.499 330.374 277.848 327.094 93 101 108
337.658 330.135 277.848 327.094 89 97 107
339.157 278.158 281.951 272.427 154 163 168
340.176 256.151 283.414 249.982 104 109 115
340.199 285.994 282.418 280.082 146 152 154
342.981 202.444 289.487 190.966 57 75 99
342.981 202.444 289.487 190.966 57 75 99
348.475 329.034 287.077 326.185 96 106 117
348.637 276.779 289.397 270.855 122 128 140
349.054 182.955 294.531 170.979 179 183 184
349.793 203.772 296.293 193.109 255 255 254
350.289 204.343 296.293 193.109 255 255 254
351 303.767 289.827 298.386 109 122 132
351.03 205.479 296.293 193.109 255 255 254
352.3 464.663 268.822 473.481 60 70 80
353.459 207.031 560.3 312.795 184 185 192
355.057 291.283 294.655 285.224 84 101 124
355.249 300.344 294.117 294.564 83 103 125
356.369 468.585 272.672 479.001 119 143 161
357.584 320.67 296.648 316.556 91 112 135
357.584 320.67 296.648 316.556 91 112 135
357.661 327.65 296.131 324.197 91 110 130
358.951 244.757 300.005 234.924 83 104 131
360.051 374.461 297.421 374.733 77 87 103
360.563 378.279 297.737 378.83 58 65 77
364.063 457.305 283.853 465.119 82 106 123
364.177 583.105 560.3 312.795 58 61 71
366.74 326.493 307.121 323.069 73 84 102
368.779 580.92 546.313 245.728 101 107 108
369.229 333.398 309.717 330.407 77 88 109
369.37 403.42 308.16 406.342 57 64 74
371.53 533.75 678.849 320.428 92 110 124
372.586 392.466 310.104 394.166 138 167 180
372.586 392.466 310.104 394.166 138 167 180
373.141 228.227 317.895 218.196 77 98 122
373.141 228.227 317.895 218.196 77 98 122
377.095 151.963 364.069 133.868 253 254 254
377.944 260.923 322.452 253.178 98 121 146
377.944 260.923 322.452 253.178 98 121 146
378.105 247.165 323.077 238.417 83 104 131
378.105 247.165 323.077 238.417 83 104 131
378.933 462.348 383.582 475.492 28 36 44
379.159 283.01 323.474 276.685 83 103 127
384.976 217.013 332.348 206.674 93 117 141
384.976 217.013 332.348 206.674 93 117 141
385.96 190.846 331.939 184.468 99 123 155
387.366 455.347 305.612 463.677 28 40 24
388.652 253.098 335.49 244.791 95 115 139
391.784 459.346 308.906 468.297 83 108 124
393.501 467.354 274.314 471.926 57 67 78
396.374 477.428 227.061 474.949 16 18 29
399.338 250.88 348.497 242.428 102 126 156
399.922 233.84 559.842 274.666 85 107 133
400.087 467.79 281.83 472.972 56 67 77
400.391 262.024 349.155 254.223 82 100 125
401.409 195.327 352.202 184.093 98 125 152
401.452 248.385 351.409 240.478 85 106 134
401.609 174.629 388.428 175.664 197 209 216
401.778 203.086 352.383 192.321 98 125 149
402.043 143.53 364.069 133.868 249 249 248
403.947 272.499 562.636 251.634 125 163 196
404.819 464.912 286.447 470.085 36 40 47
405.613 296.783 225.501 537.351 126 165 196
406.223 176.885 367.655 168.442 155 197 222
406.417 247.023 641.326 382.502 129 174 206
406.69 181.195 358.145 169.806 73 87 115
409.981 177.869 371.197 169.381 221 237 241
410.836 140.851 372.665 130.544 248 249 248
419.139 457.888 299.088 462.629 34 42 34
419.915 166.971 381.725 156.919 151 194 212
420.222 532.498 109.102 553.197 103 120 128
420.443 270.316 371.718 261.357 137 180 208
421.175 247.117 374.471 239.16 127 168 201
421.713 201.663 609.326 159.111 84 102 124
424.001 241.156 376.832 262.127 70 85 111
424.243 216.551 378.623 206.808 75 91 117
425.675 206.589 380.343 196.303 98 117 137
425.716 167.845 432.916 141.441 146 179 198
426.47 138.036 337.639 146.394 139 158 180
427.877 184.881 388.428 175.664 232 242 244
433.171 168.859 451.48 139.137 152 196 214
438.1 475.879 306.844 481.395 70 82 92
441.929 180.154 400.382 170.279 172 211 226
443.323 484.149 227.061 474.949 16 20 29
444.95 162.104 432.916 141.441 140 172 189
447.404 129.014 408.57 116.533 241 249 249
455.917 498.58 582.49 212.368 139 165 179
456.173 499.289 582.49 212.368 139 165 179
459.595 205.381 421.106 194.955 146 183 207
460.581 523.365 678.849 320.428 95 113 125
472.212 154.166 432.916 141.441 135 164 183
472.558 154.005 432.916 141.441 139 167 186
472.962 185.85 464.892 165.029 125 159 187
474.468 182.463 466.881 161.811 210 235 233
474.633 120.061 445.295 102.192 232 241 242
475.174 470.391 266.493 467.556 45 55 65
475.263 466.451 383.582 475.492 27 30 37
478.446 590.938 578.159 589.874 0 0 0
479.634 220.165 449.932 208.219 123 179 203
485.859 218.564 466.883 246.444 138 180 206
486.179 279.24 466.742 269.128 164 195 213
489.1 473.468 294.561 478.446 34 41 54
492.381 506.643 329.436 525.586 88 108 122
492.599 466.102 383.582 475.492 25 30 35
493.081 485.065 368.736 498.306 124 147 163
493.681 458.521 378.692 467.004 34 45 35
497.254 458.461 418.364 466.509 27 40 22
503.805 112.532 337.639 146.394 117 148 174
506.845 130.306 462.149 118.754 200 208 212
508.482 111.152 447.707 103.779 93 111 140
509.37 275.538 466.742 269.128 163 200 216
510.516 586.897 435.101 587.981 101 116 123
512.48 457.891 418.364 466.509 26 38 24
514.156 175.234 473.575 162.181 146 173 190
514.543 209.508 474.308 197.876 97 147 180
515.047 112.508 476.188 94.6568 123 170 190
515.706 214.201 474.625 203.381 128 183 207
515.837 204.16 474.874 192.679 133 179 205
516.493 194.05 475.496 181.694 156 189 211
517.324 266.35 475.111 259.159 153 189 205
517.931 108.886 478.843 92.5484 53 95 138
518.021 206.148 476.953 194.669 127 177 202
521.202 139.127 482.93 194.919 66 137 184
521.417 509.502 366.181 529.395 46 53 62
522.08 172.507 482.067 158.66 76 157 193
522.511 111.531 484.059 95.3853 56 81 112
524.388 248.312 483.331 239.122 145 193 213
524.886 254.194 483.612 245.735 128 179 206
525.349 275.427 483.793 268.602 146 187 213
526.157 108.254 545.153 112.914 207 239 255
527.537 252.104 486.891 243.361 52 73 102
527.79 194.508 488.022 181.943 92 157 195
529.205 179.076 490.69 166.774 64 124 179
530.039 317.487 488.154 312.968 35 49 72
530.488 255.8 489.707 246.965 133 175 201
533.159 501.141 386.128 519.038 43 51 59
534.46 468.84 390.285 480.176 38 45 57
534.712 247.561 495.021 238.349 160 196 222
535.408 119.04 498.902 103.507 44 71 108
539.546 120.96 504.069 105.95 77 112 153
541.622 139.397 505.914 126.834 67 138 188
542.609 197.907 610.262 169.951 31 45 61
544.804 189.367 510.415 177.498 28 41 58
544.994 139.822 509.894 127.207 66 136 184
545.715 183.003 511.435 171.693 65 115 128
547.446 126.18 513.049 111.157 45 81 118
547.86 263.661 336.466 485.03 40 67 86
549.355 256.87 513.868 249.387 59 113 128
550.3 202.08 515.454 191.026 29 46 64
550.549 136.63 516.607 122.911 62 132 177
550.976 291.995 515.441 286.963 55 107 124
551.978 187.133 517.332 175.243 70 111 134
552.136 140.1 518.741 126.545 35 61 80
552.337 260.704 516.816 252.98 24 41 59
552.337 260.704 516.816 252.98 24 41 59
553.072 158.987 519.331 145.71 26 48 66
553.162 129.805 519.836 115.288 48 77 113
554.652 189.94 524.487 292.321 38 62 81
554.652 189.94 524.487 292.321 38 62 81
555.47 204.315 521.078 193.422 25 38 57
555.669 258.994 520.357 251.076 62 102 122
557.339 294.591 517.332 175.243 62 99 122
557.89 132.09 524.974 117.01 182 223 254
559.172 146.972 525.987 132.984 51 62 81
559.271 389.646 521.88 391.484 19 31 42
559.271 389.646 521.88 391.484 19 31 42
559.459 176.979 526.128 164.67 51 60 77
559.607 167.188 526.057 153.07 52 63 80
559.726 158.405 526.388 145.766 54 63 81
559.726 158.405 526.388 145.766 54 63 81
560 297.574 524.487 292.321 30 51 66
561.475 324.74 525.704 321.325 21 35 52
561.475 324.74 528.591 392.276 21 35 52
561.621 585.843 564.797 586.776 98 111 119
561.678 192.549 528.043 180.454 46 55 73
562.384 280.474 527.606 274.394 62 90 114
562.439 345.397 526.535 343.515 18 28 42
563.161 207.094 529.318 195.909 48 57 74
564.987 390.392 528.591 392.276 16 24 33
564.987 390.392 528.591 392.276 16 24 33
565.687 254.385 528.27 170.34 47 58 76
565.716 276.972 530.951 270.378 42 51 66
566.418 286.163 531.581 279.308 45 53 68
568.096 306.677 533.357 301.753 38 47 61
570.088 355.604 534.629 354.624 34 40 52
571.277 376.352 535.548 376.901 32 38 49
571.756 151.705 538.039 137.314 72 88 108
572.525 166.103 538.799 152.084 73 89 109
572.638 129.604 538.993 113.962 91 111 135
572.638 129.604 538.993 113.962 91 111 135
574.116 192.503 539.879 180.01 68 86 106
574.459 143.654 540.913 128.917 102 129 158
574.836 210.942 540.424 199.519 67 84 104
574.892 205.028 540.524 193.327 67 82 103
574.904 199.42 540.599 187.498 70 88 108
575.883 168.851 541.977 155.324 98 126 155
576.529 174.781 542.634 161.413 103 132 161
577.622 243.119 542.9 233.615 69 87 110
578.553 259.095 543.759 250.655 66 81 99
578.702 194.831 544.273 182.125 102 133 162
578.952 219.512 544.482 208.556 104 132 160
579.088 274.33 544.02 266.776 56 68 85
579.445 269.497 544.448 261.869 62 77 96
579.556 159.014 546.626 145.337 99 125 155
580.07 285.946 544.791 279.291 60 77 95
581.315 310.944 545.945 306.092 53 67 82
581.721 266.53 546.823 258.533 103 132 156
582.038 253.867 550.93 305.474 105 136 161
582.306 320.831 547.031 316.502 56 65 80
582.568 315.969 547.089 311.593 65 79 96
582.883 333.618 547.397 330.336 49 58 71
583.319 287.824 548.21 281.147 102 127 151
583.464 338.611 547.604 336.036 50 60 73
583.818 342.885 548.001 340.643 53 62 75
583.997 140.636 552.46 126.089 98 121 151
584.849 376.215 548.761 376.196 43 50 61
585.105 376.287 548.761 376.196 43 50 61
586.016 309.94 550.93 305.474 99 120 139
586.093 386.192 550.135 387.673 44 52 63
586.242 336.592 550.907 333.607 83 101 112
586.643 390.953 550.664 392.459 50 54 63
586.804 406.153 550.615 409.134 35 42 52
586.98 332.635 551.912 329.728 89 105 118
587.424 345.486 552.068 343.291 91 104 116
587.505 323.531 552.84 319.816 95 116 135
587.509 354.207 552.012 352.63 89 102 112
587.675 153.32 556.536 139.275 78 94 119
587.712 345.554 552.068 343.291 88 100 114
588.141 585.081 588.868 584.809 97 110 117
589.001 181.784 557.356 171.84 110 155 185
589.386 390.231 553.702 391.893 114 119 113
589.656 238.68 557.528 229.22 105 136 163
589.993 373.781 554.893 373.451 78 90 99
590.367 283.62 557.546 277.063 111 138 160
590.413 244.713 558.389 235.197 105 136 164
590.727 201.824 558.793 189.668 93 161 198
591.087 250.472 558.638 240.954 103 132 159
592.526 388.315 557.384 389.842 61 70 79
593.019 289.522 560.386 283.478 100 122 143
593.555 316.89 560.3 312.795 96 118 138
593.935 308.018 560.964 303.292 100 123 144
594.932 331.874 560.964 303.292 97 116 133
595.301 170.879 565.29 157.913 59 80 106
597.02 154.338 567.177 141.436 80 95 120
597.522 235.438 564.392 224.729 99 163 201
597.694 402.609 563.611 405.562 51 34 43
597.902 365.243 557.636 243.984 80 95 102
598.018 314.454 565.072 310.433 143 189 210
599.751 231.267 570.15 221.991 104 169 204
600.256 170.569 571.463 157.706 84 103 129
601.282 202.982 574.003 218.661 64 126 178
602.164 177.662 573.575 165.745 78 151 193
603.451 228.606 574.003 218.661 81 142 186
603.861 201.835 575.053 190.36 85 155 195
605.613 288.657 575.995 282.596 147 189 209
605.815 227.094 576.914 217.046 88 160 198
606.609 205.201 578.177 194.274 76 102 132
606.609 205.201 578.177 194.274 76 102 132
606.643 236.057 577.701 226.495 101 162 202
606.883 370.201 571.661 369.372 103 107 64
606.937 173.298 578.999 160.342 104 132 161
608.63 229.506 580.114 220.061 80 104 130
610.037 217.304 467.452 301.651 106 140 167
610.604 222.606 582.49 212.368 110 139 168
610.922 290.246 581.983 285.182 142 185 207
610.939 227.541 582.581 217.635 109 138 166
612.987 318.361 583.826 314.184 140 187 212
613.011 433.21 579.919 439.074 50 50 35
613.216 287.944 584.851 282.207 75 90 112
613.354 323.896 584.234 320.845 123 183 209
615.496 411.836 584.602 415.719 57 68 77
616.628 419.363 586.325 424.367 36 40 46
617.527 399.59 587.465 402.152 69 82 100
618.241 403.138 587.966 406.155 118 150 175
618.339 501.67 478.965 520.925 52 55 57
621.482 497.389 483.469 515.625 9 13 17
624.12 412.793 595.367 416.854 59 67 78
625.213 373.047 597.831 373.775 73 82 91
627.196 506.2 488.71 526.645 7 8 12
630.184 392.149 603.273 394.312 83 96 104
632.455 170.977 609.326 159.111 83 100 124
633.006 416.608 607.358 420.886 36 41 47
633.715 211.111 610.898 201.046 97 126 160
634.008 205.333 611.262 194.796 98 134 167
634.51 238.827 610.763 230.499 108 138 164
636.716 414.039 610.754 418.146 57 66 77
636.855 173.291 614.354 161.541 80 97 123
637.153 202.963 637.83 203.454 169 204 217
637.491 228.6 614.42 219.505 83 103 126
637.612 222.582 614.857 213.338 82 103 125
640.332 572.721 292.317 576.246 70 83 94
640.475 417.233 615.239 422.022 15 22 25
641.113 413.352 615.902 417.356 59 70 80
643.669 332.224 620.339 329.552 101 122 138
643.874 248.211 622.201 240.637 107 136 160
644.249 357.009 621.01 356.535 99 112 120
644.284 325.398 639.263 386.958 105 131 149
645.268 351.475 622.054 350.344 95 111 122
645.43 232.555 624.139 223.875 81 100 124
645.723 194.585 624.893 183.72 105 129 155
646.744 305.356 625.052 301.779 169 206 220
647.211 206.593 626.423 196.615 104 134 163
647.211 206.593 626.423 196.615 104 134 163
647.336 331.209 625.133 329.119 76 88 104
647.653 413.366 624.05 417.089 60 70 81
647.905 215.202 627.182 205.848 108 137 166
648.609 222.082 627.953 212.957 112 143 170
648.695 297.643 627.027 292.676 105 130 147
648.695 297.643 627.027 292.676 105 130 147
650.403 357.62 628.098 357.544 99 112 120
650.958 302.819 652.888 305.327 48 67 84
655.319 285.942 635.38 280.972 84 103 123
655.319 285.942 635.38 280.972 84 103 123
655.338 252.871 635.569 245.637 50 63 86
656.035 342.821 635.303 341.453 70 77 86
656.85 209.122 658.682 210.197 91 169 208
656.972 213.351 637.83 203.454 125 188 215
657.218 366.124 635.784 367.01 88 100 107
659.287 395.655 638.155 398.307 80 90 98
659.298 232.839 640.006 224.451 82 102 124
659.858 413.442 638.946 417.751 58 66 76
660.207 341.375 640.09 340.028 100 118 131
660.575 236.527 641.813 228.954 83 106 129
661.326 297.94 641.687 292.655 83 99 119
661.676 261.957 642.503 254.999 116 142 165
661.885 353.97 641.846 352.59 99 113 124
662.622 194.551 644.519 184.435 109 136 165
663.348 419.145 642.805 423.782 17 26 27
663.58 250.996 645.114 243.344 84 99 122
663.839 234.811 645.628 226.953 87 106 130
664.439 500.68 552.155 518.354 7 8 13
664.625 491.377 444.157 505.166 18 23 30
666.437 366.888 670.244 370.803 60 79 99
666.612 225.009 649.043 216.676 112 138 165
667.071 291.898 649.073 287.145 109 133 153
667.081 258.665 649.38 252.045 84 109 130
668.839 242.629 651.486 234.625 116 143 168
669.083 579.01 651.073 572.141 96 111 116
669.453 289.561 651.745 284.707 81 99 120
670.175 254.651 652.716 247.38 115 145 166
670.229 393.015 651.485 395.238 57 62 66
670.229 393.015 678.887 341.652 57 62 66
670.417 308.978 652.888 305.327 40 56 70
670.636 262.534 631.436 249.347 172 211 224
670.656 262.691 631.436 249.347 172 211 224
670.7 362.083 674.409 366.302 95 108 115
672.488 234.583 655.939 226.714 90 110 133
672.718 281.994 655.692 276.598 180 214 224
673.925 203.743 660.68 195.685 84 101 123
674.237 291.436 657.843 287.299 86 102 123
674.571 218.574 658.682 210.197 103 179 212
677.912 262.369 661.853 255.992 117 147 169
678.769 306.815 662.564 303.048 91 108 124
678.795 317.401 662.722 314.661 105 127 143
679.521 269.116 663.882 262.828 116 141 163
679.539 344.582 663.075 343.419 105 125 138
680.573 404.593 289.827 298.386 73 83 90
680.727 252.921 667.519 247.426 81 99 122
680.915 219.388 665.462 210.716 115 144 170
681.566 213.031 666.516 204.383 114 144 170
682.655 233.016 667.901 225.46 120 148 175
683.902 304.042 668.68 299.948 114 136 153
683.902 304.042 668.68 299.948 114 136 153
684.698 247.423 670.28 240.524 117 146 170
685.126 315.985 631.436 249.347 173 212 222
685.128 316.097 631.436 249.347 173 212 222
685.941 471.557 592.612 482.603 152 161 168
686.519 309.809 672.111 306.508 105 125 142
687.001 261.9 672.488 255.849 122 147 169
688.013 269.492 673.916 264.306 183 219 227
688.013 269.492 673.916 264.306 183 219 227
688.406 314.921 652.888 305.327 48 64 84
688.518 476.606 596.268 488.604 96 51 67
689.148 472.604 595.907 484.275 34 16 28
690.565 343.387 675.904 342.288 83 99 109
693.091 93.3153 708.257 97.6593 194 228 255
693.154 316.163 679.679 313.736 118 140 157
694.085 335.137 680.18 333.449 118 143 156
694.498 330.687 680.798 328.628 118 141 155
695.923 348.807 682.206 348.256 108 129 140
710.234 492.981 620.74 508.462 9 10 15
710.714 562.856 651.073 572.141 98 112 120
712.429 511.027 595.597 532.06 69 88 102
716.126 348.329 730.774 351.242 53 69 46
719.996 349.52 734.724 352.495 255 255 255
725.339 476.331 642.017 487.185 51 45 52
732.71 485.004 328.496 533.97 16 21 29
735.91 513.838 616.292 535.584 76 93 107
737.842 484.417 135.958 373.157 20 24 29
743.84 487.611 673.634 501.184 76 85 92
750.827 433.083 769.967 440.672 27 29 32
752.132 592.985 672.096 589.955 0 0 0
753.293 435.71 772.529 443.158 49 66 71
765.778 491.979 701.27 505.79 58 74 92
776.794 453.017 328.496 533.97 39 42 43
778.089 594.977 778.071 594.981 0 0 0
791.848 305.252 791.848 305.252 0 0 0
792.851 254.303 792.853 254.262 0 0 0
792.902 507.277 778.071 594.981 0 0 0
793.864 218.271 792.853 254.262 0 0 0
793.925 528.15 793.969 528.084 0 0 0
794.757 592.062 794.682 591.961 70 83 89
794.757 592.062 794.682 591.961 70 83 89
795.077 543.606 795.062 543.645 0 0 0
