7.66317 241.827 10.1757 343.042 45 50 44
30.4513 563.367 492.018 111.005 163 159 129
42.2678 420.591 693.343 472.773 34 45 84
42.2678 420.591 693.343 472.773 34 45 84
65.2005 590.114 65.2447 590.112 56 70 83
91.1267 191.03 10.2986 150.262 235 247 248
92.4389 187.811 10.9623 146.818 126 138 139
97.1272 190.559 17.6202 150.441 249 251 251
99.8616 214.766 24.261 178.192 254 255 254
106.117 587.697 473.133 587.761 58 73 84
108.621 463.733 308.81 216.681 39 49 53
110.977 216.75 38.9206 181.629 238 245 248
115.107 209.733 42.4252 173.15 74 86 82
115.359 220.594 44.1334 185.37 255 255 255
125.497 531.168 612.011 136.634 144 155 148
134.294 248.188 61.1902 215.212 255 255 255
137.85 262.687 64.8553 231.033 254 255 254
148.799 547.829 231.044 418.789 115 144 164
159.161 271.972 716.026 365.536 255 255 255
166.142 463.617 721.073 451.492 39 47 55
169.018 553.658 100.877 531.506 91 109 123
172.034 368.88 91.346 349.422 61 54 44
213.895 270.239 53.5694 437.802 77 91 106
228.834 551.596 534.493 272.056 96 115 125
270.674 304.174 154.064 267.215 54 86 112
277.475 183.425 331.042 77.3662 255 255 255
280.227 207.18 524.011 121.354 160 203 230
280.892 550.666 199.005 524.398 108 120 124
283.342 587.565 281.932 586.832 93 103 109
285.514 270.699 397.104 391.622 117 115 115
287.915 583.009 328.033 582.552 84 100 112
290.684 261.036 367.775 402.614 254 254 254
317.423 340.995 181.335 305.175 24 40 44
330.653 461.171 176.205 459.153 114 137 157
348.182 354.877 171.561 584.148 68 74 85
348.475 329.034 204.062 292.964 96 106 117
348.637 276.779 207.96 232.947 122 128 140
355.057 291.283 212.291 247.494 84 101 124
355.249 300.344 211.344 257.468 83 103 125
357.584 320.67 213.993 281.746 91 112 135
364.177 583.105 456.229 124.665 58 61 71
365.783 466.312 178.427 453.502 55 66 78
366.74 326.493 226.19 289.305 73 84 102
366.74 326.493 226.19 289.305 73 84 102
367.523 188.394 235.985 128.536 89 112 141
368.894 526.984 33.767 531.573 123 149 163
373.141 228.227 241.358 175.273 77 98 122
373.54 296.084 237.536 254.165 84 103 125
384.976 217.013 258.597 163.472 93 117 141
384.976 217.013 258.597 163.472 93 117 141
388.652 253.098 260.946 205.372 95 115 139
393.566 472.856 140.984 443.967 109 133 150
395.208 276.443 79.9592 462.152 87 110 134
399.338 250.88 276.165 203.6 102 126 156
400.924 587.779 270.115 586.933 88 105 114
401.778 203.086 282.269 148.796 98 125 149
403.947 272.499 508.832 289.58 125 163 196
405.613 296.783 619.13 269.01 126 165 196
409.352 320.423 286.108 249.631 125 176 207
409.435 177.071 309.25 125.914 176 208 225
409.981 177.869 285.402 116.937 221 237 241
410.836 140.851 312.953 84.8233 248 249 248
418.132 469.172 202.425 455.504 62 77 90
420.222 532.498 201.322 317.064 103 120 128
421.175 247.117 306.302 201.554 127 168 201
421.713 201.663 309.818 149.127 84 102 124
426.935 470.254 459.005 207.165 56 65 74
427.877 184.881 327.384 133.922 232 242 244
429.028 457.958 290.761 443.858 28 38 21
430.822 137.059 414.003 47.4409 107 137 171
441.929 180.154 338.156 127.574 172 211 226
474.816 221.055 403.357 286.168 140 181 204
478.446 590.938 578.2 589.869 0 0 0
479.986 294.882 507.832 154.378 157 184 203
485.859 218.564 403.357 286.168 138 180 206
486.179 279.24 403.357 286.168 164 195 213
491.241 218.285 405.857 207.344 125 181 208
492.599 466.102 464.412 348.322 25 30 35
497.675 439.527 392.673 423.082 9 13 18
498.659 469.065 632.774 307.221 47 55 66
506.079 461.097 214.978 191.084 66 86 105
506.845 130.306 409.511 71.4031 200 208 212
509.37 275.538 403.357 286.168 163 200 216
509.399 271.056 405.857 207.344 165 193 211
514.543 209.508 415.138 159.663 97 147 180
515.047 112.508 421.622 46.8333 123 170 190
515.181 170.03 417.255 115.4 177 206 217
515.194 136.969 419.091 77.5848 129 172 192
515.706 214.201 415.696 165.914 128 183 207
516.153 246.72 414.223 202.059 151 194 216
516.493 194.05 417.315 141.629 156 189 211
516.58 184.198 417.79 131.058 162 186 196
518.021 206.148 418.467 156.262 127 177 202
520.919 146.04 424.033 164.974 81 157 189
522.511 111.531 430.568 47.7131 56 81 112
524.886 254.194 423.435 212.27 128 179 206
525.378 269.391 422.916 228.706 143 185 211
527.119 314.086 422.916 228.706 122 170 199
527.714 175.136 448.911 129.732 101 170 202
527.79 194.508 448.346 150.48 92 157 195
530.749 250.684 430.322 208.043 154 194 219
531.897 277.308 447.201 242.427 155 192 215
532.12 277.69 447.201 242.427 156 194 218
533.165 320.835 429.596 237.978 121 176 207
535.408 119.04 463.335 67.3969 44 71 108
536.71 284.644 505.084 95.4344 153 192 220
536.844 211.992 508.832 289.58 75 148 190
538.405 253.489 508.525 288.664 145 188 213
539.475 273.871 508.832 289.58 154 187 209
539.546 120.96 452.138 60.5043 77 112 153
541.383 322.672 306.302 201.554 119 176 209
541.385 317.79 508.525 288.664 127 175 206
541.905 471.266 505.396 295.531 37 48 63
545.715 183.003 459.099 134.181 65 115 128
547.86 263.661 219.138 463.121 40 67 86
549.467 438.223 450.016 422.376 9 14 20
549.936 220.527 460.144 244.566 31 52 69
551.978 187.133 464.5 137.768 70 111 134
552.136 140.1 468.559 85.4155 35 61 80
552.848 280.688 460.144 244.566 30 46 64
553.018 280.768 460.144 244.566 30 46 64
553.162 129.805 470.62 72.3574 48 77 113
555.47 204.315 467.942 157.597 25 38 57
556.349 223.106 468.383 105.684 26 43 59
557.594 495.519 466.827 480.976 129 153 166
557.594 495.519 466.827 480.976 129 153 166
557.89 132.09 475.414 74.9938 182 223 254
559.172 146.972 475.685 91.7865 51 62 81
559.607 167.188 474.996 114.467 52 63 80
561.475 324.74 466.493 294.34 21 35 52
561.475 324.74 466.237 368.652 21 35 52
561.678 192.549 475.955 143.71 46 55 73
562.384 280.474 471.072 244.827 62 90 114
562.439 345.397 209.783 172.63 18 28 42
563.161 207.094 477.076 160.344 48 57 74
564.643 247.788 475.324 207.337 45 56 73
564.987 390.392 466.237 368.652 16 24 33
566.023 412.907 466.009 394.061 12 16 22
566.023 412.907 466.009 394.061 12 16 22
567.343 293.516 476.303 258.561 43 52 67
569.426 410.392 470.512 391.437 43 60 76
571.756 151.705 487.988 96.6734 72 88 108
572.638 129.604 632.976 161 91 111 135
574.459 143.654 491.41 87.5936 102 129 158
574.836 210.942 487.528 164.332 67 84 104
574.892 205.028 487.833 157.567 67 82 103
577.622 243.119 488.285 201.039 69 87 110
578.702 194.831 492.171 145.264 102 133 162
578.952 219.512 491.144 174.307 104 132 160
579.088 274.33 487.647 236.699 56 68 85
579.445 269.497 488.37 231.478 62 77 96
579.556 159.014 497.007 107.703 99 125 155
579.696 299.373 493.227 212.511 59 75 92
579.731 278.618 487.871 183.106 59 74 93
580.07 285.946 487.928 250.018 60 77 95
581.315 310.944 487.814 278.67 53 67 82
582.215 272.773 491.024 234.957 103 129 151
582.306 320.831 488.369 289.154 56 65 80
582.554 276.422 490.99 239.021 101 124 147
582.568 315.969 488.819 284.103 65 79 96
582.883 333.618 487.885 304.232 49 58 71
582.914 350.758 486.959 323.928 43 51 62
583.319 287.824 491.334 252.031 102 127 151
583.464 338.611 487.983 310.041 50 60 73
583.997 140.636 562.935 124.15 98 121 151
584.849 376.215 487.122 352.198 43 50 61
585.105 376.287 487.122 352.198 43 50 61
586.016 309.94 493.227 212.511 99 120 139
586.643 390.953 488.444 368.959 50 54 63
586.98 332.635 492.753 303.504 89 105 118
587.424 345.486 491.994 317.539 91 104 116
587.505 323.531 494.213 293.013 95 116 135
587.509 354.207 491.644 327.536 89 102 112
587.712 345.554 491.994 317.539 88 100 114
588.538 167.313 508.168 116.156 58 66 85
589.001 181.784 497.007 107.703 110 155 185
589.386 390.231 491.426 368.012 114 119 113
589.993 373.781 494.209 348.501 78 90 99
590.714 268.664 456.229 124.665 98 122 146
593.555 316.89 456.229 124.665 96 118 138
596.004 338.911 642.896 318.92 93 110 126
596.079 250.336 187.975 253.386 145 185 206
597.02 154.338 520.382 103.534 80 95 120
597.522 235.438 514.348 193.882 99 163 201
598.018 314.454 509.884 281.373 143 189 210
598.038 319.523 508.832 289.58 130 186 210
600.256 170.569 524.011 121.354 84 103 129
602.171 307.312 516.204 272.673 191 210 215
604.85 331.711 517.51 304.072 130 186 211
606.609 205.201 529.462 161.059 76 102 132
608.797 264.05 527.956 228.208 171 199 214
610.922 290.246 33.767 531.573 142 185 207
612.987 318.361 529.092 288.423 140 187 212
613.011 433.21 517.522 418.367 50 50 35
613.216 287.944 531.745 254.727 75 90 112
613.354 323.896 529.237 295.67 123 183 209
615.496 411.836 524.847 394.18 57 68 77
616.858 332.487 532.942 304.447 67 81 96
618.241 403.138 528.383 384.374 118 150 175
622.988 376.363 537.442 354.222 86 98 108
625.213 373.047 540.928 351.045 73 82 91
625.213 373.047 540.928 351.045 73 82 91
630.184 392.149 546.032 372.567 83 96 104
632.498 338.589 553.077 312.83 91 106 121
633.006 416.608 549.249 400.111 36 41 47
634.008 205.333 566.056 164.441 98 134 167
634.51 238.827 563.383 201.98 108 138 164
636.855 173.291 571.323 128.87 80 97 123
637.153 202.963 594.234 175.259 169 204 217
637.612 222.582 568.592 183.661 82 103 125
638.569 199.032 596.191 171.175 80 158 199
639.367 474.623 492.117 436.327 8 12 15
640.475 417.233 557.215 401.209 15 22 25
641.113 413.352 558.312 396.642 59 70 80
643.669 332.224 568.111 305.977 101 122 138
643.874 248.211 575.363 213.34 107 136 160
644.249 357.009 567.156 333.934 99 112 120
645.268 351.475 568.871 327.677 95 111 122
645.322 447.071 26.1553 204.356 32 33 15
645.43 232.555 578.178 195.444 81 100 124
645.723 194.585 581.193 153.123 105 129 155
647.211 206.593 582.275 167.112 104 134 163
647.905 215.202 582.741 176.89 108 137 166
648.582 326.701 575.759 299.712 159 213 231
648.609 222.082 583.057 184.288 112 143 170
648.695 297.643 624.684 284.304 105 130 147
648.695 297.643 577.631 268.122 105 130 147
648.988 292.579 304.715 214.512 106 132 150
650.403 357.62 575.117 335.63 99 112 120
655.06 303.534 609.025 283.322 108 130 145
655.319 285.942 587.329 256.383 84 103 123
655.319 285.942 587.329 256.383 84 103 123
655.338 252.871 589.454 219.343 50 63 86
656.035 342.821 583.428 318.905 70 77 86
656.972 213.351 594.234 175.259 125 188 215
659.298 232.839 594.969 196.788 82 102 124
659.454 332.815 588.77 308.504 101 124 138
660.207 341.375 588.777 317.696 100 118 131
660.575 236.527 597.131 201.57 83 106 129
662.041 187.665 602.299 147.198 108 137 165
662.255 273.037 596.424 240.986 109 137 159
663.58 250.996 599.744 217.528 84 99 122
663.78 193.5 604.174 154.322 107 132 161
663.839 234.811 601.2 200.028 87 106 130
664.439 500.68 426.932 506.851 7 8 13
665.919 299.801 599.412 271.946 111 138 159
665.995 217.066 605.372 180.702 112 138 167
666.612 225.009 582.741 176.89 112 138 165
667.071 291.898 601.641 263.057 109 133 153
668.839 242.629 607.04 208.332 116 143 168
669.083 579.01 526.803 577.359 96 111 116
669.453 289.561 604.474 260.603 81 99 120
670.175 254.651 584.697 210.122 115 145 166
670.175 254.651 607.132 221.792 115 145 166
670.656 262.691 622.262 291.705 172 211 224
670.656 262.691 607.939 232.472 172 211 224
673.925 203.743 685.029 331.343 84 101 123
673.925 203.743 619.623 168.603 84 101 123
674.237 291.436 610.73 263.786 86 102 123
678.769 306.815 615.011 280.212 91 108 124
679.144 200.136 622.792 163.178 110 140 168
679.539 344.582 613.048 322.1 105 125 138
680.615 334.549 615.035 310.534 100 119 135
681.089 282.687 619.685 255.867 111 136 157
681.566 213.031 625.023 177.395 114 144 170
682.655 233.016 596.424 240.986 120 148 175
683.902 304.042 621.526 277.384 114 136 153
683.902 304.042 621.526 277.384 114 136 153
684.698 247.423 626.825 215.829 117 146 170
685.126 315.985 622.262 291.705 173 212 222
685.128 316.097 622.262 291.705 173 212 222
685.128 316.097 622.262 291.705 173 212 222
685.44 299.725 623.792 273.013 114 138 156
686.519 309.809 624.684 284.304 105 125 142
687.001 261.9 628.169 231.175 122 147 169
687.516 337.09 623.147 312.121 144 204 223
688.013 269.492 629.053 240.846 183 219 227
688.013 269.492 629.053 240.846 183 219 227
690.22 288.749 630.458 261.308 176 217 226
693.154 316.163 632.167 291.855 118 140 157
694.085 335.137 631.28 312.182 118 143 156
694.498 330.687 632.774 307.221 118 141 155
695.923 348.807 632.532 327.689 108 129 140
701.175 334.739 640.913 311.547 117 138 150
709.124 336.495 715.452 353.906 255 255 255
710.234 492.981 196.379 458.01 9 10 15
710.714 562.856 526.803 577.359 98 112 120
715.638 344.671 742.835 355.152 240 242 243
716.126 348.329 690.387 335.592 53 69 46
719.996 349.52 694.203 336.545 255 255 255
720.427 432.389 519.513 362.233 22 27 21
757.525 552.944 491.644 327.536 95 108 118
778.089 594.977 778.246 594.916 0 0 0
780.17 363.218 756.434 352.057 111 109 65
785.884 364.138 782.916 354.179 91 81 56
791.848 305.252 791.848 305.252 0 0 0
792.851 254.303 793.852 218.294 0 0 0
793.864 218.271 791.848 305.252 0 0 0
793.925 528.15 793.941 528.164 0 0 0
794.757 592.062 794.588 591.953 70 83 89
794.757 592.062 794.588 591.953 70 83 89
