7.15528 197.921 259.685 103.719 79 71 51
12.7186 392.511 749.132 494.114 26 36 28
26.174 303.86 217.837 463.77 85 70 41
27.3886 297.661 210.485 463.168 96 76 43
34.9196 246.998 689.321 427.464 30 39 39
39.6734 500.658 182.573 444.545 103 128 148
59.6058 160.936 10.2986 150.262 215 237 244
71.2718 421.982 700.394 356.561 28 27 24
71.3567 593.906 578.2 589.869 0 0 0
85.3503 192.719 44.1334 185.37 254 255 254
86.9764 187.794 43.6164 180.064 150 165 174
88.285 592.839 578.2 589.869 0 0 0
95.7307 487.876 714.627 459.539 65 74 81
104.266 393.708 715.688 528.915 27 32 27
105.478 486.098 650.716 461.449 63 74 78
126.023 270.171 685.029 331.343 87 104 127
134.023 334.925 528.383 384.374 234 226 199
137.582 332.192 288.296 483.134 40 50 58
147.371 423.159 597.831 371.941 85 89 32
159.511 519.877 220.36 515.917 60 70 80
177.133 518.054 220.36 515.917 61 70 83
185.215 261.511 370.734 83.9829 90 102 112
193.25 397.897 209.783 172.63 42 51 94
231.324 513.588 626.734 276.264 136 132 113
257.902 434.208 214.978 191.084 66 86 87
264.476 345.479 201.458 312.339 47 68 75
274.564 433.534 493.227 212.511 54 61 47
275.516 321.65 7.36851 223.866 117 117 108
301.337 533.001 424.889 588.176 94 114 128
306.153 584.236 477.711 584.641 89 109 120
327.425 503.536 626.734 276.264 68 76 87
335.898 211.899 304.179 158.327 186 188 195
338.064 152.625 280.874 100.72 102 145 176
342.61 429.62 182.048 263.114 83 99 95
359.166 142.949 164.347 149.314 250 255 255
365.881 278.39 212.291 247.494 87 103 127
366.252 207.073 494.213 293.013 173 177 182
376.398 311.513 226.19 289.305 74 86 105
381.739 218.197 241.358 175.273 81 102 126
384.546 187.871 248.557 139.392 84 107 135
384.546 187.871 248.557 139.392 84 107 135
389.154 288.215 248.229 260.783 99 121 144
392.892 438.53 701.939 427.898 14 15 26
397.958 435.736 181.822 447.725 41 49 59
401.262 312.381 271.236 235.145 79 92 113
405.316 261.561 505.474 292.02 86 108 133
408.464 166.404 309.25 125.914 171 206 219
408.962 232.367 509.478 253.233 128 172 205
410.119 200.284 794.588 591.953 126 169 199
413.107 419.54 487.988 96.6734 26 33 32
418.616 437.432 464.412 348.322 38 43 52
419.706 492.501 491.903 161.232 124 149 166
422.57 264.702 509.216 243.334 144 174 204
425.685 448.492 692.353 433.529 129 152 168
425.987 230.977 505.474 292.02 70 82 108
443.996 442.119 202.425 455.504 66 79 94
449.299 587.142 424.554 587.28 83 99 112
451.906 432.431 290.761 443.858 27 40 21
458.21 215.393 384.019 288.522 147 185 211
471.842 585.834 473.133 587.761 79 93 106
478.369 590.964 71.2921 593.819 0 0 0
479.319 592.019 578.2 589.869 0 0 0
482.975 232.426 447.12 255.355 169 203 222
483.379 264.024 405.857 207.344 161 193 210
499.141 554.796 481.274 554.759 72 89 102
504.276 127.05 409.511 71.4031 176 199 206
506.371 439.521 464.412 348.322 32 37 45
512.478 166.095 417.255 115.4 146 188 205
512.96 121.693 419.283 67.5255 148 181 197
512.987 133.34 419.091 77.5848 143 179 197
518.544 109.71 424.905 44.5771 50 104 145
518.827 110.676 424.905 44.5771 52 106 149
519.422 200.381 422.916 228.706 84 152 200
520 240.464 422.916 228.706 143 194 217
520.565 260.342 422.916 228.706 147 189 212
525.032 209.677 447.201 242.427 115 178 211
525.927 242.621 446.523 287.094 165 203 227
526.686 276.966 447.12 255.355 150 193 223
526.902 303.474 446.523 287.094 116 176 209
527.291 308.752 446.509 291.666 132 183 215
527.612 317.455 121.648 443.822 134 183 214
528.991 240.622 71.3029 538.536 162 199 225
529.463 523.606 123.865 457.612 44 48 58
532.451 264.392 508.832 289.58 153 189 216
534.979 118.161 452.138 60.5043 79 113 157
536.649 170.329 459.005 207.165 69 120 136
539.143 178.532 459.099 134.181 57 105 122
541.008 248.563 457.9 218.161 53 107 125
541.442 123.114 463.335 67.3969 43 72 109
543.428 251.975 460.337 221.614 23 41 57
543.428 251.975 460.337 221.614 23 41 57
543.797 270.845 460.144 244.566 28 45 63
545.118 280.372 462.177 133.289 39 66 86
545.86 154.978 467.942 157.597 31 52 72
546.355 126.673 470.62 72.3574 43 72 110
547.677 216.554 467.942 157.597 32 52 72
548.845 254.017 466.493 294.34 23 38 56
550.555 311.813 466.493 294.34 23 39 55
553.177 178.455 476.934 132.197 45 56 74
554.137 201.467 477.076 160.344 49 56 76
554.746 239.881 475.324 207.337 46 58 74
555.633 307.372 474.485 362.499 41 50 64
558.856 367.593 474.911 362.351 33 39 51
564.945 175.004 488.1 126.879 67 85 106
565.848 221.674 769.113 458.443 62 79 100
567.496 236.304 488.285 201.039 64 83 104
568.275 265.547 487.647 236.699 54 69 88
569.021 298.727 494.213 293.013 54 67 84
569.026 276.204 487.928 250.018 64 79 100
569.034 269.341 488.462 241.53 54 68 89
569.164 214.007 491.144 174.307 107 137 165
569.336 291.332 488.054 268.62 56 71 90
569.514 222.15 491.154 184.175 104 135 163
569.517 296.188 488.03 273.978 60 77 94
570.101 308.611 488.369 289.154 57 68 85
570.471 320.486 487.885 304.232 51 61 78
570.63 154.749 497.007 107.703 100 127 158
570.995 359.366 487.122 352.198 43 52 62
571.25 475.841 202.221 302.852 91 112 123
571.421 359.459 487.122 352.198 43 52 62
573.032 303.572 491.781 284.056 97 118 134
574.334 339.386 491.644 327.536 96 108 116
574.596 311.159 494.213 293.013 102 124 142
575.072 372.014 491.426 368.012 109 116 113
575.859 208.308 456.229 124.665 105 137 166
576.623 553.156 208.751 485.084 90 106 117
578.375 242.986 505.034 265.474 109 138 163
578.945 271.573 456.229 124.665 96 121 144
579.14 288.426 456.229 124.665 101 124 147
579.495 288.52 456.229 124.665 104 129 152
582.392 242.826 187.975 253.386 191 212 220
582.897 349.817 519.513 362.233 91 97 103
584.003 302.633 509.884 281.373 155 198 222
585.125 149.777 520.382 103.534 78 96 120
585.562 253.115 201.458 312.339 196 209 223
587.404 382.469 510.448 382.173 132 163 187
588.442 558.008 532.942 304.447 57 69 79
593.498 255.732 33.767 531.573 191 211 224
594.436 275.903 528.393 251.15 159 198 216
595.238 386.802 523.506 387.797 57 66 77
595.858 306.321 529.092 288.423 142 189 216
596.037 311.65 529.237 295.67 123 186 213
596.257 391.638 524.847 394.18 58 68 79
610.436 395.933 549.249 400.111 37 42 50
612.664 180.558 561.731 140.546 107 133 160
616.406 396.197 557.215 401.209 14 23 26
616.803 551.383 520.769 582.781 72 85 94
617.234 392.917 558.312 396.642 59 70 81
618.396 198.7 594.234 175.259 150 199 222
621.939 336.82 568.871 327.677 100 117 129
624.151 293.7 574.934 277.065 180 213 228
625.252 314.251 575.759 299.712 168 221 243
627.386 210.116 582.741 176.89 111 141 168
629.759 238.568 584.697 210.122 114 142 167
629.759 238.568 584.697 210.122 114 142 167
631.736 293.2 609.025 283.322 112 135 151
631.801 276.334 587.329 256.383 89 107 127
635.033 208.249 594.234 175.259 128 191 219
636.253 368.128 600.817 306.565 184 218 223
637.316 230.075 597.131 201.57 85 106 129
638.368 264.534 596.424 240.986 114 140 163
638.945 271.929 597.389 250.476 117 142 166
639.76 244.088 599.744 217.528 85 105 125
640.141 543.061 647.41 549.659 68 83 94
640.423 289.567 599.412 271.946 115 143 165
641.441 374.647 583.288 307.622 62 67 76
642.436 211.779 605.372 180.702 113 143 170
645.987 198.256 632.976 161 94 117 141
646.961 541.531 635.852 553.335 67 82 92
648.41 304.559 610.744 290.626 118 141 159
650.464 330.536 613.048 322.1 110 130 143
651.604 254.566 616.628 231.369 120 148 168
655.157 293.286 621.526 277.384 119 142 160
657.228 323.867 623.147 312.121 163 217 232
658.95 369.723 632.774 307.221 97 111 116
659.182 254.604 628.169 231.175 125 152 173
659.555 260.697 629.053 240.846 162 196 214
659.901 193.105 632.976 161 117 137 167
662.931 322.494 596.424 240.986 124 146 161
664.389 329.856 626.825 215.829 114 137 151
669.275 466.484 426.932 506.851 9 9 14
672.124 589.976 672.123 589.975 0 0 0
674.528 337.438 684.142 328.484 255 255 255
674.615 389.992 214.978 191.084 85 95 94
713.246 590.953 672.123 589.975 0 0 0
722.692 345.657 756.434 352.057 101 95 60
726.63 342.772 761.04 348.724 255 255 255
728.084 346.42 762.826 352.994 97 86 57
738.615 348.104 775.208 355.049 89 86 71
745.273 341.817 709.692 361.375 255 255 255
745.991 347.264 685.029 331.343 86 78 53
751.651 360.425 702.111 362.191 61 75 63
758.22 434.492 734.026 451.48 54 55 54
765.297 433.325 745.964 450.14 55 58 59
768.313 438.287 750.751 456.699 44 51 53
776.376 348.96 794.588 591.953 255 255 255
783.687 590.832 770.759 587.212 73 86 94
783.786 495.106 781.064 516.04 98 111 120
787.55 443.103 786.737 462.498 99 126 143
789.947 533.533 65.2447 590.112 76 89 98
791.848 305.252 791.848 305.252 0 0 0
792.043 476.773 794.982 543.984 0 0 0
792.852 254.254 791.848 305.252 0 0 0
792.966 507.02 793.941 528.164 0 0 0
794.726 592.082 794.588 591.953 68 82 91
794.726 592.082 794.588 591.953 68 82 91
