7.15528 197.921 11.255 225.237 79 71 51
17.9628 246.402 359.959 188.997 27 37 36
22.5457 330.566 527.825 443.917 48 41 26
48.7564 33.4742 610.037 217.304 244 249 254
49.7568 54.0226 211.706 546.995 53 70 96
55.2032 489.003 240.859 455.121 48 55 63
57.4337 594.943 778.089 594.977 0 0 0
58.9126 200.007 89.0649 228.316 38 58 57
58.9126 200.007 89.0649 228.316 38 58 57
59.6058 160.936 91.1267 191.03 215 237 244
61.0661 429.636 335.616 195.719 72 86 99
65.2908 191.39 96.6183 219.944 50 65 73
66.3255 160.836 97.1272 190.559 248 251 252
69.9288 185.984 99.8616 214.766 254 255 254
70.2167 168.614 100.045 198.084 255 255 255
70.4278 192.85 101.025 221.159 81 99 98
71.3567 593.906 478.446 590.938 0 0 0
73.7301 203.609 103.521 231.526 213 228 236
74.4741 189.732 104.956 218.105 211 219 224
75.3422 176.428 105.696 204.746 253 253 253
75.6917 179.854 106.014 208.715 79 95 90
77.6507 192.319 107.576 220.401 63 82 78
78.2907 195.54 109.382 224.047 77 94 91
78.2907 195.54 109.382 224.047 77 94 91
78.6784 199.079 109.019 227.617 69 79 72
79.1072 189.213 108.966 217.154 247 248 249
82.183 195.209 111.811 223.137 82 108 105
85.3503 192.719 115.359 220.594 254 255 254
93.5988 201.868 122.662 228.53 255 255 254
96.16 236.351 123.064 261.773 55 66 59
96.16 236.351 123.064 261.773 55 66 59
98.2831 217.662 124.643 244.717 47 62 61
98.2831 217.662 124.643 244.717 47 62 61
100.359 196.903 129.33 224.062 255 255 255
107.735 212.758 133.311 238.528 255 255 255
110.383 230.097 135.875 255.413 74 94 108
112.276 237.507 137.85 262.687 255 254 254
113.362 244.378 138.846 269.491 67 92 104
113.367 232.375 139.092 257.442 61 87 91
115.765 247.749 142.458 256.36 254 255 255
116.75 231.328 142.458 256.36 255 255 255
131.39 356.167 158.891 382.021 228 222 185
132.104 528.61 583.319 287.824 84 100 112
137.582 332.192 156.169 358.219 40 50 58
145.626 437.608 785.884 364.138 43 49 52
158.366 424.779 113.562 446.364 68 81 32
159.511 519.877 99.8427 555.19 60 70 80
162.002 429.884 492.599 466.102 32 45 25
171.671 438.179 127.22 464.017 46 52 57
173.8 246.659 223.517 238.415 143 156 168
176.797 511.008 35.4241 499.787 63 66 76
184.851 237.495 253.329 205.313 123 137 151
185.902 253.27 521.614 371.957 246 248 247
189.861 426.731 35.9772 452.332 89 98 109
189.977 233.249 215.07 247.22 114 135 156
193.25 397.897 43.7245 416.732 42 51 94
194.638 381.855 47.1573 397.549 47 63 99
194.638 381.855 47.1573 397.549 47 63 99
199.81 348.037 60.0283 358.035 52 52 49
201.868 353.434 61.5946 364.477 43 41 39
203.131 259.399 212.808 280.65 72 84 97
218.049 269.644 225.23 290.016 48 90 96
222.455 249.553 225.891 278.375 32 54 62
223.807 200.471 246.308 209.333 253 253 253
224.279 262.765 228.815 283.472 47 91 97
224.937 257.553 231.493 277.231 47 94 102
231.031 254.551 236.645 274.289 48 96 105
231.324 513.588 6.34012 571.173 136 132 113
240.145 416.952 210.478 440.5 116 154 178
240.938 267.763 244.326 287.199 100 109 111
244.89 186.07 253.329 205.313 149 155 180
248.595 281.244 250.208 299.259 77 80 83
249.408 354.757 249.089 377.982 40 45 51
250.645 309.894 251.206 328.736 66 93 117
251.921 267.534 253.473 285.936 93 92 95
253.536 240.626 256.62 257.698 39 54 56
254.207 430.812 225.111 455.933 18 24 20
254.4 316.227 254.715 333.982 52 56 65
255.458 268.32 256.768 286.69 234 221 196
255.825 277.377 256.325 295.214 255 254 253
256.59 242.962 258.873 260.628 188 188 177
257.902 434.208 228.318 459.541 66 86 87
258.123 249.695 260.382 267.776 155 158 146
259.018 267.243 259.889 285.495 248 238 211
262.124 171.548 268.057 189.437 122 179 210
262.146 278.03 262.41 295.516 86 90 95
262.239 235.433 263.445 252.674 185 190 185
263.288 430.598 240.859 455.121 14 24 14
264.5 286.379 264.112 303.559 255 255 255
264.5 286.379 264.112 303.559 255 255 255
264.676 330.682 262.97 349.862 58 75 91
264.676 330.682 262.97 349.862 58 75 91
264.94 501.349 34.5605 566.729 109 107 95
267.331 328.141 265.927 347.382 46 52 61
267.779 434.038 240.743 459.341 57 67 55
267.941 315.838 266.432 334.705 53 56 65
268.154 252.596 268.969 269.67 34 58 63
269.036 273.228 268.57 290.83 91 92 97
269.931 320.213 268.096 338.438 54 58 65
270.918 325.059 268.957 343.911 49 52 59
271.858 165.807 277.475 183.425 255 254 255
274.581 195.483 479.634 220.165 155 200 224
274.878 181.339 282.024 197.748 123 184 213
275.604 249.388 275.174 266.019 118 124 129
277.278 252.891 276.302 269.295 250 247 226
278.105 503.665 86.7586 553.303 94 96 99
278.615 239.18 277.512 255.847 134 150 157
279.899 322.825 276.68 341.71 108 107 102
279.921 355.593 276.067 375.833 11 19 23
280.019 272.875 278.168 290.337 74 81 94
280.659 252.668 279.313 269.068 73 83 98
280.769 305.16 278.216 323.276 71 78 88
281.153 156.604 284.732 176.17 255 255 255
281.19 332.11 277.849 351.016 29 39 39
282.616 166.465 287.815 183.188 149 179 202
283.058 166.237 287.815 183.188 149 179 202
283.532 354.207 279.321 374.116 53 60 68
285.388 162.626 290.183 179.598 254 254 254
286.507 213.217 285.242 228.794 253 253 251
286.872 289.042 284 306.753 71 97 123
287.245 402.546 281.219 425.567 50 53 57
287.603 305.356 284.107 323.314 65 67 75
287.691 268.02 284.712 284.424 80 84 95
287.872 245.999 286.067 261.787 41 40 44
289.607 434.246 264.722 459.587 40 44 33
290.589 318.948 286.474 337.81 58 61 68
291.019 255.94 288.224 272.068 189 188 178
292.013 236.949 406.417 247.023 231 225 209
292.539 266.36 289.289 282.245 118 124 128
293.868 308.094 289.506 325.491 143 135 119
294.455 327.68 289.353 346.167 140 138 123
294.535 303.881 290.014 321.083 75 74 76
295.834 272.981 292.087 289.162 33 48 50
295.834 272.981 292.087 289.162 33 48 50
295.877 209.067 293.219 223.982 255 254 254
296.53 256.118 292.884 271.71 218 214 200
296.914 263.285 292.863 279.204 113 127 138
296.968 363.769 290.942 383.809 43 46 51
298.885 195.374 296.108 210.062 255 254 254
299.644 282.173 295.239 298.589 137 140 138
299.656 295.948 294.846 311.704 162 158 141
301.004 351.563 294.852 372.036 14 22 26
301.764 328.067 296.166 346.058 22 35 38
301.881 316.432 295.761 333.856 74 78 85
302.536 321.072 296.541 338.808 187 180 163
302.96 300.094 297.715 316.872 82 86 91
302.985 249.327 299.238 264.943 97 107 113
303.105 293.439 298.163 310.262 89 95 102
303.524 191.835 300.59 206.01 120 127 137
304.916 304.371 299.078 321.398 119 122 120
304.967 313.804 299.105 330.994 76 93 109
305.605 203.574 302.48 217.598 241 239 224
305.851 329.615 300.172 347.002 66 77 87
306.184 156.711 410.717 140.509 255 255 255
306.205 280.433 300.946 296.379 110 121 130
306.668 435.884 281.94 461.76 111 137 155
307.097 258.875 302.324 274.041 210 204 184
307.718 197.736 304.06 211.59 251 251 251
307.92 305.772 301.888 322.652 56 64 80
309.028 298.576 303.34 314.749 60 65 77
309.62 534.54 561.621 585.843 88 108 123
309.77 274.531 309.504 289.325 76 103 130
313.265 261.398 307.316 276.561 135 144 147
314.279 353.116 306.328 372.268 55 58 66
315.045 203.685 310.313 217.357 237 237 234
315.251 246.838 309.909 261.101 142 149 151
315.504 334.596 308.099 352.397 64 71 81
316.773 190.619 312.05 203.461 240 239 232
317.061 317.297 309.911 334.143 59 65 74
317.679 265.646 311.808 280.177 31 48 51
317.921 358.034 309.627 377.375 51 54 62
318.027 355.38 309.982 374.413 82 107 126
318.096 260.947 311.54 275.374 124 131 136
318.773 273.544 547.86 263.661 50 94 95
319.297 239.95 313.264 253.995 198 197 190
321.345 432.322 316.036 457.748 35 45 24
321.679 259.374 315.232 273.804 73 85 102
321.918 363.065 313.105 382.536 50 53 60
322.128 182.706 316.88 195.224 253 253 251
324.963 424.882 321.74 450.123 92 115 129
325.252 323.888 317.423 340.995 22 37 43
325.726 204.077 320.341 216.395 55 75 99
329.538 299.189 321.371 315.039 81 101 118
329.866 387.643 320.243 408.651 20 35 40
330.836 217.814 324.909 233.804 254 255 255
331.58 316.138 323.618 332.555 64 70 81
331.626 205.442 326.048 217.16 255 255 255
331.863 305.314 323.531 321.171 60 67 82
332.434 291.798 324.478 306.696 49 60 79
333.049 214.565 325.396 233.065 255 255 255
333.242 423.604 306.945 447.541 103 131 144
335.961 149.524 290.183 179.598 252 253 253
336.42 241.613 328.895 254.434 254 254 250
336.506 402.58 325.387 425.292 47 89 95
338.671 327.335 329.213 344.441 80 89 99
339.339 383.316 328.364 403.989 64 68 76
339.786 244.337 331.88 257.224 142 150 156
340.321 233.632 332.414 246.172 165 173 177
340.872 330.626 330.907 347.535 73 77 87
341.876 386.696 330.99 407.936 18 28 33
342.351 314.424 332.347 330.167 70 75 85
342.813 237.127 334.492 249.449 198 198 194
342.832 221.657 335.001 233.683 223 224 219
343.04 184.642 335.616 195.719 194 196 202
343.138 146.689 338.578 164.392 249 255 255
343.334 250.877 334.39 263.471 136 147 155
344.43 241.151 335.557 253.855 164 173 177
344.588 296.782 335.055 311.537 78 82 92
344.965 194.531 336.89 206.005 211 212 213
346.782 290.673 337.15 305.162 110 122 130
346.854 250.285 338.008 262.79 62 66 82
347.949 293.404 338.151 307.667 108 119 128
348.42 351.913 338.39 370.027 105 128 142
348.42 351.913 338.39 370.027 105 128 142
349.329 243.07 340.176 256.151 102 109 119
350.808 192.339 342.981 202.444 52 75 99
350.808 192.339 342.981 202.444 52 75 99
351.007 345.242 340.259 361.742 19 25 28
351.735 335.105 341.89 351.291 14 21 25
351.768 318.947 341.611 334.662 27 42 46
353.056 349.287 341.307 366.915 13 19 23
354.256 366.73 342.385 386.94 56 57 66
354.733 257.066 344.962 269.637 253 250 244
354.971 246.466 345.113 258.968 121 124 127
355.031 246.314 345.113 258.968 121 124 127
355.031 191.618 347.504 201.66 254 254 254
356.4 237.02 346.725 248.457 127 127 126
357.084 335.432 346.006 351.821 85 103 118
357.258 341.981 345.788 358.259 82 97 109
358.164 167.651 349.691 177.052 207 202 199
358.164 167.651 349.691 177.052 207 202 199
358.171 195.042 350.289 204.343 255 255 255
358.171 195.042 351.03 205.479 255 255 255
358.254 308.309 347.572 323.314 104 118 133
358.254 308.309 347.572 323.314 104 118 133
358.789 263.928 348.637 276.779 116 126 136
358.807 368.532 346.754 388.426 75 79 87
358.92 195.746 351.03 205.479 254 255 255
359.262 143.418 338.578 164.392 250 255 255
361.322 385.248 349.092 405.661 15 24 31
361.464 146.433 326.359 171.585 97 124 158
362.453 541.913 341.986 579.672 87 108 120
362.977 197.324 353.459 207.031 175 177 182
364.43 259.307 353.878 270.988 179 180 179
364.596 190.309 354.823 199.982 184 186 187
365.881 278.39 355.057 291.283 87 103 127
366.243 303.401 355.152 317.646 78 92 111
366.559 201.467 356.586 210.969 174 180 184
366.661 178.318 356.913 187.628 228 226 222
366.967 258.997 356.483 270.734 83 99 121
367.141 183.901 357.481 192.892 229 228 221
368.184 252.782 357.372 265.038 86 108 131
369.053 233.762 358.951 244.757 85 106 130
369.09 225.526 359.008 235.813 90 111 138
369.49 186.92 359.668 196.039 90 108 135
370.147 386.746 359.821 407.892 19 28 30
370.512 318.273 359.773 333.447 77 87 108
370.594 167.803 361.128 176.505 92 112 143
372.972 382.863 362.151 403.552 54 64 74
376.398 311.513 366.74 326.493 74 86 105
376.398 311.513 366.74 326.493 74 86 105
379.623 438.977 489.1 473.468 58 70 81
380.797 295.657 371.997 309.378 79 96 117
381.581 158.133 407.585 179.925 86 107 133
381.739 218.197 373.141 228.227 81 102 126
381.739 218.197 373.141 228.227 81 102 126
382.531 372.854 372.586 392.466 147 170 189
382.531 372.854 372.586 392.466 147 170 189
382.531 372.854 372.586 392.466 147 170 189
382.99 135.923 295.967 177.045 255 255 255
386.853 444.038 351.929 470.511 134 157 173
386.853 444.038 351.929 470.511 134 157 173
388.274 382.004 379.699 402.537 56 63 75
389.8 432.112 391.784 459.346 80 104 121
390.276 342.639 382.832 359.513 83 93 108
390.967 392.558 113.207 459.765 40 42 29
391.059 251.8 384.357 263.239 97 120 143
392.892 438.53 359.716 463.484 14 15 26
394.895 182.152 385.96 190.846 94 117 148
395.019 241.936 388.652 253.098 94 115 142
395.56 443.459 448.178 479.859 128 152 166
401.441 239.275 395.787 249.925 97 125 149
401.441 239.275 395.787 249.925 97 125 149
404.764 223.971 399.922 233.84 84 106 130
404.77 165.826 406.223 176.885 150 195 217
405.069 250.666 400.391 262.024 82 102 126
405.125 281.398 400.514 294.018 82 103 128
405.265 236.322 400.343 246.437 82 104 132
405.345 290.982 423.689 245.501 82 98 121
406.092 168.896 407.585 179.925 83 104 131
406.51 187.194 401.409 195.327 98 121 148
406.514 193.935 401.778 203.086 99 118 142
407.562 133.891 408.746 143.887 123 159 186
408.464 166.404 409.435 177.071 171 206 219
408.962 232.367 404.07 242.044 128 172 205
409.409 130.004 410.717 140.509 232 254 255
409.743 130.586 410.717 140.509 241 247 247
410.119 200.284 794.757 592.062 126 169 199
413.014 393.621 171.999 460.893 37 40 29
413.998 433.51 506.079 461.097 79 103 122
414.307 311.489 663.085 380.829 125 178 212
416.364 211.414 413.448 228.07 129 162 195
418.616 437.432 492.599 466.102 38 43 52
419.012 156.865 419.915 166.971 148 190 209
421.304 440.454 381.862 465.602 57 70 83
421.748 256.928 293.249 549.113 149 184 212
421.84 205.204 419.389 214.74 131 167 199
422.367 430.293 387.366 455.347 34 46 26
422.94 237.241 421.175 247.117 125 169 201
422.956 231.358 598.038 319.523 122 169 202
424.143 192.944 421.713 201.663 80 96 116
424.943 285.037 423.097 297.402 59 76 101
425.524 129.086 503.805 112.532 126 150 174
425.698 234.654 423.689 245.501 69 86 109
425.987 230.977 424.001 241.156 70 82 108
426.165 218.559 423.097 297.402 66 83 109
426.407 206.967 424.243 216.551 71 87 115
426.507 174.645 427.877 184.881 225 239 241
427.875 197.512 425.675 206.589 97 114 132
427.903 125.397 428.665 134.936 230 255 254
432.063 434.976 396.741 459.944 11 15 24
432.063 434.976 396.741 459.944 11 15 24
443.996 442.119 418.132 469.172 66 79 94
445.23 491.561 352.215 533.101 80 95 108
449.645 185.231 451.059 194.094 183 220 227
450.741 490.492 352.215 533.101 61 70 78
451.906 432.431 429.028 457.958 27 40 21
452.38 193.416 455.129 203.462 89 98 112
453.895 119.383 454.694 126.464 234 252 253
456.301 121.034 508.482 111.152 92 123 155
459.626 153.776 461.32 161.526 180 208 219
460.854 154.216 462.249 161.914 182 210 221
466.141 446.979 337.57 422.232 59 69 81
471.423 178.514 472.962 185.85 128 162 186
474.591 452.182 434.584 481.18 130 153 168
477.278 456.474 439.734 487.076 135 157 171
477.444 456.665 439.734 487.076 139 156 163
477.668 211.954 479.634 220.165 122 177 202
479.319 592.019 478.446 590.938 0 0 0
480.051 436.329 396.741 459.944 10 15 23
480.154 454.32 443.323 484.149 16 18 31
483.471 585.807 588.141 585.081 77 90 103
483.515 210.978 485.859 218.564 132 174 201
483.962 450.844 448.178 479.859 128 152 168
483.962 450.844 448.178 479.859 128 152 168
488.928 146.016 492.123 152.515 159 193 207
492.991 443.166 475.174 470.391 48 58 71
495.359 248.79 502.129 268.393 163 192 208
496.096 445.945 489.1 473.468 37 46 63
498.937 439.977 492.599 466.102 30 35 41
502.337 108.834 503.805 112.532 119 142 166
503.185 466.433 455.917 498.58 141 166 182
504.027 445.88 489.1 473.468 36 44 59
504.276 127.05 506.845 130.306 176 199 206
504.615 106.283 474.633 120.061 212 228 241
506.371 439.521 492.599 466.102 32 37 45
507.067 107.749 508.482 111.152 103 137 163
511.209 441.996 498.659 469.065 50 58 69
512.001 203.015 514.543 209.508 90 133 171
512.304 142.073 514.131 146.419 153 190 202
512.987 133.34 515.194 136.969 143 179 197
513.515 108.386 515.047 112.508 129 165 185
516.087 105.967 517.931 108.886 60 91 139
518.544 109.71 517.931 108.886 50 104 145
518.808 167.807 522.08 172.507 75 157 194
518.827 110.676 517.931 108.886 52 106 149
519.146 187.082 520.919 146.04 77 149 199
519.356 138.27 522.02 141.685 52 110 157
519.422 200.381 525.378 269.391 84 152 200
520.068 432.365 512.48 457.891 26 39 23
520.078 245.852 527.047 319.642 158 194 217
520.462 265.704 525.349 275.427 147 192 219
520.541 139.141 523.524 142.737 58 88 120
520.565 260.342 525.378 269.391 147 189 212
521.574 302.236 527.119 314.086 109 171 206
522.095 468.693 476.13 502.76 74 89 104
522.747 243.911 530.039 317.487 54 74 100
522.942 138.68 525.951 142.258 88 152 192
523.158 263.415 530.039 317.487 47 73 101
524.024 305.086 530.039 317.487 38 54 76
524.024 305.086 530.039 317.487 38 54 76
525.032 209.677 532.12 277.69 115 178 211
525.212 121.306 520.303 112.995 70 142 190
526.017 262.291 531.407 271.244 154 188 217
526.804 169.466 531.277 173.71 100 171 205
526.902 303.474 533.127 315.683 116 176 209
526.993 308.218 533.302 321.099 130 183 215
528.317 197.151 533.594 202.587 76 154 200
528.991 240.622 534.712 247.561 162 199 225
529.463 523.606 40.0913 434.59 44 48 58
529.463 523.606 40.0913 434.59 44 48 58
529.91 273.069 536.71 284.644 153 194 224
530.96 116.104 535.408 119.04 48 73 109
531.84 432.06 493.681 458.521 26 38 23
531.993 250.019 538.84 258.525 165 192 218
532.099 469.343 488.255 503.793 74 93 105
532.451 264.392 539.475 273.871 153 189 216
533.369 305.144 541.385 317.79 116 176 212
533.418 309.843 541.383 322.672 129 182 214
534.979 118.161 539.546 120.96 79 113 157
535.531 441.475 475.174 470.391 48 58 68
535.699 140.299 540.644 145.685 40 70 90
536.223 149.14 541.232 152.769 36 58 75
536.44 134.738 541.622 139.397 72 144 194
537.232 211.609 543.651 217.873 37 60 76
538.144 210.315 545.168 216.604 39 68 87
538.26 183.771 544.804 189.367 30 44 61
538.546 269.053 543.651 217.873 27 48 66
538.546 269.053 546.037 278.643 27 48 66
539.132 169.487 545.791 175.255 65 117 133
539.143 178.532 545.715 183.003 57 105 122
539.56 253.794 547.86 263.661 39 66 85
539.641 266.352 547.886 275.698 37 64 83
539.772 217.069 547.359 224.03 58 109 124
540.498 288.533 549.279 300.263 28 40 56
541.008 248.563 549.355 256.87 53 107 125
541.891 281.473 550.976 291.995 52 103 122
542.493 196.344 550.3 202.08 29 47 66
543.428 251.975 552.337 260.704 23 41 57
543.428 251.975 552.337 260.704 23 41 57
543.797 270.845 552.848 280.688 28 45 63
544.001 132.91 550.549 136.63 72 146 190
544.527 193.776 552.237 199.303 67 101 124
545.521 310.579 555.961 323.486 28 43 60
545.86 154.978 553.072 158.987 31 52 72
546.355 126.673 553.162 129.805 43 72 110
546.45 377.386 543.837 397.514 66 65 43
546.505 250.568 555.669 258.994 56 95 118
546.568 440.474 543.719 467.137 43 58 73
546.817 184.915 554.652 189.94 38 62 84
547.215 198.637 555.47 204.315 29 45 64
548.845 254.017 558.377 262.772 23 38 56
549.31 272.631 559.322 282.673 26 41 60
550.291 214.709 562.384 280.474 58 86 112
550.291 214.709 562.384 280.474 58 86 112
551.144 331.043 562.439 345.397 22 35 49
551.144 331.043 562.439 345.397 22 35 49
551.464 252.64 561.346 261.254 60 88 111
551.537 162.603 559.607 167.188 50 63 79
551.656 257.077 562.624 285.23 58 82 104
551.867 155.219 559.726 158.405 51 61 80
551.867 155.219 559.726 158.405 51 61 80
552.023 270.725 562.384 280.474 60 85 111
552.023 270.725 562.384 280.474 60 85 111
552.133 275.038 562.624 285.23 59 85 108
552.384 371.962 564.987 390.392 16 25 38
552.658 207.602 561.617 213.495 48 59 77
553.331 216.182 562.455 222.525 49 58 76
553.714 230.139 562.984 236.908 49 60 78
554.137 201.467 563.161 207.094 49 56 76
554.746 239.881 564.643 247.788 46 58 74
555.066 267.595 565.716 276.972 43 52 67
555.59 288.028 561.678 192.549 41 51 66
555.669 276.16 566.418 286.163 45 54 70
555.864 283.134 567.343 293.516 42 51 67
555.96 389.944 569.426 410.392 43 58 75
556.599 295.221 568.096 306.677 39 48 63
556.681 345.806 559.459 176.979 34 42 53
556.883 295.308 568.096 306.677 39 48 63
556.883 295.308 563.161 207.094 39 48 63
557.095 335.797 570.088 355.604 37 44 56
557.646 340.356 570.088 355.604 34 42 53
558.256 359.217 571.277 376.352 32 38 50
558.828 473.922 521.417 509.502 43 49 59
563.106 171.915 571.931 175.166 65 81 100
563.882 149.274 571.756 151.705 75 88 110
564.333 156.215 572.245 159.46 71 87 109
564.367 162.603 572.525 166.103 70 86 107
565.209 188.191 574.116 192.503 67 85 105
565.407 182.975 574.073 186.924 67 85 106
565.766 205.875 574.836 210.942 70 90 111
565.957 194.918 574.904 199.42 74 90 112
566.295 221.362 574.073 186.924 59 77 98
567.496 236.304 577.622 243.119 64 83 104
567.988 171.542 576.529 174.781 102 135 164
568.275 265.547 579.088 274.33 54 69 88
568.691 310.893 580.603 323.551 54 66 82
569.026 276.204 580.07 285.946 64 79 100
569.034 269.341 579.731 278.618 54 68 89
569.164 214.007 578.952 219.512 107 137 165
569.338 204.062 580.656 239.826 107 137 167
569.38 299.282 581.014 310.531 54 67 84
569.99 327.283 580.603 323.551 55 64 79
570.054 229.999 580.656 239.826 108 137 164
570.101 308.611 582.306 320.831 57 68 85
570.471 320.486 582.883 333.618 51 61 78
570.63 154.749 579.556 159.014 100 127 158
570.899 328.676 583.818 342.885 54 63 75
570.995 359.366 584.849 376.215 43 52 62
571.078 264.096 582.215 272.773 107 133 157
571.805 257.922 586.016 309.94 103 128 152
572.358 368.635 586.093 386.192 48 55 67
572.616 386.585 586.804 406.153 37 44 54
574.334 339.386 587.509 354.207 96 108 116
574.596 311.159 587.505 323.531 102 124 142
575.072 372.014 589.386 390.231 109 116 113
576.623 553.156 249.261 541.734 90 106 117
576.794 217.977 593.555 316.89 104 134 162
577.41 144.756 587.205 147.709 81 100 125
577.52 231.993 593.473 299.108 109 141 169
577.748 370.724 592.526 388.315 67 76 86
577.962 150.498 637.491 228.6 77 94 118
578.087 456.383 546.683 487.823 11 15 22
578.945 271.573 592.175 280.996 96 121 144
579.14 288.426 590.714 268.664 101 124 147
579.495 288.52 590.714 268.664 104 129 152
580.109 175.237 592.151 178.907 186 204 208
581.827 383.312 597.694 402.609 55 29 39
582.491 465.745 550.254 499.597 48 58 60
584.003 302.633 598.018 314.454 155 198 222
584.089 308.649 598.038 319.523 140 194 219
585.125 149.777 597.02 154.338 78 96 120
586.371 459.183 553.809 491.474 12 15 23
589.065 323.181 604.85 331.711 138 194 219
589.452 174.125 602.164 177.662 82 156 200
590.485 197.301 603.861 201.835 96 168 206
591.085 453.027 559.24 483.997 23 30 36
591.667 221.187 605.815 227.094 101 167 205
593.498 255.732 608.797 264.05 191 211 224
593.703 170.313 606.937 173.298 104 134 163
595.858 306.321 612.987 318.361 142 189 216
596.037 311.65 613.354 323.896 123 186 213
596.257 391.638 615.496 411.836 58 68 79
598.727 453.385 568.19 484.646 20 27 33
600.13 460.189 568.663 493.112 11 17 23
600.443 412.649 619.495 435.149 56 57 26
603.079 553.248 236.288 545.567 58 70 81
604.762 453.239 574.751 484.455 21 24 34
608.759 373.612 630.184 392.149 86 99 108
609.841 467.639 581.048 502.792 27 36 42
610.436 395.933 633.006 416.608 37 42 50
613.39 393.429 636.716 414.039 59 71 81
615.1 206.15 633.715 211.111 102 133 164
615.77 232.208 634.51 238.827 115 143 169
616.406 396.197 640.475 417.233 14 23 26
616.803 551.383 502.106 485.089 72 85 94
617.234 392.917 641.113 413.352 59 70 81
618.396 198.7 637.153 202.963 150 199 222
618.477 216.899 637.612 222.582 82 103 128
618.56 194.403 656.85 209.122 89 169 210
618.61 323.671 640.749 337.487 108 129 144
618.934 169.364 636.855 173.291 83 101 125
619.275 194.476 638.569 199.032 89 169 210
619.549 212.932 639.306 218.897 114 186 216
620.921 220.894 640.61 227.668 84 107 132
620.921 220.894 640.61 227.668 84 107 132
621.027 312.315 644.284 325.398 112 136 153
621.741 330.581 644.993 344.728 98 114 127
621.939 336.82 645.268 351.475 100 117 129
622.768 393.115 647.653 413.366 61 71 81
622.79 392.914 647.653 413.366 61 71 81
623.054 241.132 643.874 248.211 111 139 164
623.889 282.865 646.364 293.331 116 143 164
624.151 293.7 646.744 305.356 180 213 228
624.233 453.533 598.311 484.078 31 30 28
624.338 318.335 647.336 331.209 80 97 111
625.252 314.251 648.582 326.701 168 221 243
625.563 176.963 662.482 188.79 107 134 165
626.017 190.512 645.723 194.585 107 133 160
626.304 287.586 648.695 297.643 104 128 148
626.51 343.144 651.074 358.841 103 117 126
627.386 210.116 647.905 215.202 111 141 168
627.796 216.578 648.609 222.082 114 145 173
627.916 292.16 650.958 302.819 48 68 86
630.976 350.197 657.218 366.124 93 106 112
631.015 266.725 653.881 275.137 186 219 231
631.698 207.564 652.982 212.584 95 120 145
631.736 293.2 655.06 303.534 112 135 151
631.801 276.334 655.319 285.942 89 107 127
632.176 392.974 659.858 413.442 60 68 80
632.9 384.681 660.151 403.859 71 82 91
633.714 312.814 658.577 325.651 112 134 151
634.586 327.698 660.207 341.375 101 120 135
635.033 208.249 656.972 213.351 128 191 219
635.608 338.849 661.885 353.97 102 116 128
635.608 338.849 661.885 353.97 102 116 128
635.932 373.138 683.193 393.998 61 68 77
636.022 465.235 614.45 499.493 72 82 84
636.022 222.403 658.77 228.257 117 187 220
636.055 380.47 663.718 400.111 56 61 66
636.253 368.128 687.516 337.09 184 218 223
637.094 248.005 660.072 255.089 116 146 170
637.316 230.075 660.575 236.527 85 106 129
637.832 254.112 661.676 261.957 119 147 169
638.368 264.534 662.255 273.037 114 140 163
639.76 244.088 663.58 250.996 85 105 125
639.985 228.966 663.839 234.811 87 108 131
640.423 289.567 665.919 299.801 115 143 165
640.423 289.567 665.919 299.801 115 143 165
640.848 186.45 662.482 188.79 109 139 169
640.896 298.992 666.833 310.443 172 211 225
640.962 463.529 621.482 497.389 9 12 19
641.079 413.054 372.586 392.466 254 246 207
642.436 211.779 665.995 217.066 113 143 170
642.775 219.021 666.612 225.009 116 143 170
642.82 346.476 670.7 362.083 101 114 123
643.014 351.436 671.253 367.433 111 119 126
643.839 298.037 670.417 308.978 50 70 89
645.057 247.153 670.175 254.651 117 145 167
645.619 333.785 673.584 347.875 79 88 97
645.761 470.333 627.196 506.2 8 9 13
646.545 273.073 672.718 281.994 164 198 212
647.375 280.802 674.237 291.436 92 111 131
647.579 228.585 672.488 234.583 91 119 146
647.595 298.623 660.072 255.089 114 138 156
648 252.764 673.764 260.562 57 71 93
648.41 304.559 681.089 282.687 118 141 159
649.016 278.503 675.937 288.262 90 107 127
649.609 212.954 674.571 218.574 110 180 213
650.464 330.536 679.539 344.582 110 130 143
650.974 338.935 680.532 353.845 106 123 133
651.604 254.566 660.072 255.089 120 148 168
651.725 244.712 680.727 252.921 87 106 129
652.207 375.657 683.193 393.998 58 64 70
652.573 442.311 688.013 269.492 78 117 148
652.574 260.893 679.521 269.116 119 145 168
654.36 444.608 311.306 416.462 15 18 23
654.585 250.988 681.519 257.888 89 106 129
654.878 200.788 680.062 205.264 119 149 177
655.079 213.825 680.915 219.388 119 145 173
655.157 293.286 683.902 304.042 119 142 160
655.157 293.286 683.902 304.042 119 142 160
655.162 78.6625 693.091 93.3153 193 227 255
655.162 78.6625 693.091 93.3153 193 227 255
655.868 303.791 685.126 315.985 170 213 225
656.348 226.779 682.655 233.016 121 149 176
657.228 323.867 687.516 337.09 163 217 232
657.228 323.867 687.516 337.09 163 217 232
659.182 254.604 687.001 261.9 125 152 173
659.555 260.697 688.013 269.492 162 196 214
659.901 193.105 572.638 129.604 117 137 167
662.616 304.302 693.154 316.163 126 150 166
662.931 322.494 682.655 233.016 124 146 161
663.343 317.957 694.498 330.687 124 147 163
663.576 435.297 656.339 462.095 26 33 48
664.389 329.856 684.698 247.423 114 137 151
665.987 432.872 660.432 459.439 148 184 199
666.882 373.732 648.582 326.701 188 222 220
669.13 432.611 663.89 458.426 27 33 47
669.275 466.484 664.439 500.68 9 9 14
669.819 458.998 664.625 491.377 18 24 30
670.031 442 668.099 469.848 13 18 21
673.662 459.795 669.976 491.945 72 81 88
673.662 459.795 669.976 491.945 72 81 88
674.615 389.992 506.079 461.097 85 95 94
677.272 457.056 675.186 489.054 13 16 23
678.681 462.562 676.888 495.08 11 12 18
682.646 442.865 685.941 471.557 145 151 160
685.267 443.957 689.148 472.604 30 16 25
701.983 351.666 734.405 366.788 41 52 33
703.57 349.225 735.799 363.483 238 248 249
709.082 349.011 742.092 364.117 252 252 251
714.669 435.599 727.827 462.748 100 112 139
722.692 345.657 780.17 363.218 101 95 60
729.633 457.035 751.771 489.03 9 13 19
731.339 434.103 753.837 461.393 192 210 215
731.746 442.66 754.255 471.51 18 20 27
731.746 442.66 754.255 471.51 18 20 27
734.545 450.992 758.577 481.376 32 44 58
766.345 593.94 752.132 592.985 0 0 0
768.313 438.287 559.459 176.979 44 51 53
776.376 348.96 794.757 592.062 255 255 255
778.113 594.943 778.089 594.977 0 0 0
787.55 443.103 786.563 473.773 99 126 143
789.947 533.533 65.2005 590.114 76 89 98
791.7 562.867 106.117 587.697 66 79 88
791.848 305.252 791.848 305.252 0 0 0
792.852 254.254 791.848 305.252 0 0 0
792.966 507.02 793.925 528.15 0 0 0
793.852 218.301 792.851 254.303 0 0 0
794.726 592.082 794.757 592.062 68 82 91
794.726 592.082 794.757 592.062 68 82 91
