8.02972 452.031 785.949 434.17 80 88 34
37.0583 472.059 721.073 451.492 40 49 55
79.511 194.447 10.2986 150.262 227 236 239
80.5647 191.22 10.9623 146.818 118 125 123
84.77 290.508 19.0503 255.489 39 52 52
84.7715 230.465 19.6057 190.826 230 233 233
84.8074 211.051 18.8583 169.517 250 251 251
85.1741 193.887 17.6202 150.441 249 251 251
85.6213 213.786 19.588 172.699 116 140 151
88.7858 232.837 24.4996 193.974 242 244 245
89.6207 218.468 24.261 178.192 254 255 255
90.6971 225.207 26.2842 185.986 61 87 82
90.9242 242.938 26.1553 204.356 47 61 58
93.7 235.819 30.4173 197.393 229 231 235
96.0703 282.191 31.7307 246.64 254 254 254
99.1381 231.555 36.9093 193.284 112 110 105
99.6455 279.918 37.6467 245.128 49 63 59
99.8708 266.064 38.3763 230.31 40 47 53
101.32 220.554 38.9206 181.629 238 243 245
101.32 220.554 38.9206 181.629 238 243 245
102.545 209.284 40.0946 168.937 255 255 255
104.777 212.928 42.4252 173.15 77 90 87
105.56 219.196 43.6164 180.064 146 166 179
105.56 219.196 43.6164 180.064 146 166 179
105.73 224.154 44.1334 185.37 255 255 255
108.032 272.299 48.9433 237.804 242 243 243
112.81 554.889 33.767 531.573 112 134 147
114.231 261.868 53.0471 225.74 248 248 249
114.231 261.868 53.0471 225.74 248 248 249
119.734 257.727 59.1048 221.871 48 63 63
120.554 285.958 734.645 353.654 255 255 255
121.183 251.675 61.1902 215.212 253 254 254
122.102 228.967 62.9694 192.794 255 255 255
125.132 265.966 64.8553 231.033 255 255 254
126.853 258.595 67.5374 223.301 65 84 85
156.971 299.04 715.688 528.915 107 91 54
163.474 290.031 106.338 249.165 90 86 80
169.62 283.945 106.338 249.165 74 80 90
177.612 466.325 60.7374 436.299 31 36 25
193.548 300.855 513.128 458.878 34 50 56
199.363 391.485 127.491 361.375 31 36 39
204.248 374.139 147.988 302.158 37 46 48
205.068 359.584 132.683 328.6 30 36 38
206.329 309.53 135.91 275.662 32 41 48
206.949 468.502 93.7337 443.172 103 126 141
206.949 468.502 93.7337 443.172 103 126 141
207.594 463.4 107.051 437.807 35 45 29
208.697 373.671 136.523 344.274 44 49 54
209.994 352.263 137.191 320.351 43 48 54
210.634 384.915 136.539 354.738 48 70 87
214.059 382.559 163.083 345.53 26 38 45
215.889 294.174 144.966 257.898 254 253 241
216.505 355.335 142.483 323.823 25 32 36
222.667 465.643 120.35 440.453 38 38 31
224.43 468.816 140.984 443.967 106 129 146
229.977 474.115 128.081 455.939 115 137 153
230.486 314.854 156.46 280.483 160 161 144
231.049 255.507 159.658 216.87 163 167 162
231.127 468.981 130.202 443.892 108 129 145
232.88 246.895 161.26 207.68 174 179 179
232.912 295.267 159.613 259.396 148 146 133
235.41 363.87 158.465 332.383 60 61 65
241.591 375.322 163.083 345.53 29 42 42
244.15 179.345 331.042 77.3662 255 255 255
244.19 256.862 170.767 217.767 254 254 254
244.19 256.862 170.767 217.767 254 254 254
246.522 182.404 181.549 140.016 129 162 192
246.768 239.284 173.198 195.804 213 211 205
247.574 468.731 140.984 443.967 101 126 142
249.087 255.108 175.004 215.878 82 95 110
249.126 303.922 172.135 268.855 87 110 131
253.368 215.245 179.679 173.088 111 110 120
253.609 375.135 189.671 339.55 71 96 113
253.609 375.135 173.067 344.094 71 96 113
253.708 314.225 175.839 278.805 57 61 70
254.738 221.713 181.641 179.77 40 51 69
256.466 175.478 278.509 98.3146 255 254 255
257.017 300.765 143.252 289.068 48 85 109
257.372 204.409 183.905 160.435 238 235 227
257.428 536.933 33.767 531.573 132 155 171
259.491 372.095 195.36 336.187 33 53 56
261.724 338.465 181.335 305.175 24 34 37
261.724 338.465 181.335 305.175 24 34 37
262.15 322.133 182.579 288.044 82 92 101
262.15 322.133 182.579 288.044 82 92 101
264.952 472.526 196.379 458.01 61 69 75
266.446 272.322 188.158 234.776 122 132 141
267.038 330.278 186.705 296.559 61 66 76
267.234 343.686 186.365 309.346 89 91 94
270.906 207.19 181.641 179.77 41 49 68
270.906 207.19 196.454 162.755 41 49 68
271.269 468.428 164.441 443.623 35 39 44
271.292 249.643 194.512 208.074 137 129 127
271.467 346.118 189.653 313.493 64 67 76
273.623 484.91 120.529 455.781 114 138 152
274.314 471.926 167.014 448.374 60 68 78
275.268 320.026 566.198 137.3 64 68 78
277.848 327.094 195.673 292.346 83 89 98
278.595 263.081 199.156 224.162 37 51 56
279.628 404.942 193.951 376.161 59 65 70
283.414 249.982 204.587 209.016 81 86 100
283.658 415.147 197.568 387.629 30 42 45
284.671 344.991 201.458 312.339 88 97 107
285.947 547.628 100.877 531.506 97 112 126
287.077 326.185 204.062 292.964 93 102 112
288.167 411.88 202.187 383.4 92 113 114
289.049 164.082 212.779 114.165 136 123 135
289.049 164.082 212.779 114.165 136 123 135
289.397 270.855 207.96 232.947 124 133 141
289.487 190.966 213.199 143.7 61 80 100
291.014 255.255 211.625 213.103 254 249 234
291.626 284.075 209.392 246.292 120 129 137
294.117 294.564 211.344 257.468 80 98 123
294.204 234.92 214.978 191.084 252 252 250
294.655 285.224 212.291 247.494 80 99 123
295.085 278.94 213.157 240.396 82 100 124
296.293 193.109 214.978 191.084 253 253 253
296.648 316.556 213.993 281.746 85 106 127
296.648 316.556 213.993 281.746 85 106 127
300.005 234.924 219.918 192.122 84 104 129
305.787 319.554 224.562 285.327 82 100 121
305.821 163.513 227.806 113.97 93 111 141
306.833 397.126 223.411 368.938 49 51 60
306.852 473.039 164.441 443.623 34 38 46
307.121 323.069 226.19 289.305 69 81 100
309.323 209.881 231.582 165.57 98 121 149
309.323 209.881 231.582 165.57 98 121 149
309.716 153.124 233.391 102.618 96 119 150
309.716 153.124 233.391 102.618 96 119 150
309.829 515.865 129.186 500.906 139 154 156
310.549 326.844 229.911 293.412 88 103 123
310.549 326.844 229.911 293.412 88 103 123
315.557 496.313 128.081 455.939 121 144 156
316.294 294.822 237.751 259.093 78 97 123
316.689 584.773 270.115 586.933 97 109 117
317.692 587.833 270.115 586.933 89 103 112
317.895 218.196 241.358 175.273 77 96 121
320.569 146.971 259.794 96.5516 255 255 255
320.79 147.674 259.794 96.5516 255 255 255
321.128 181.934 246.297 135.613 101 125 154
323.17 185.561 248.557 139.392 83 103 131
323.17 185.561 248.557 139.392 83 103 131
325.667 296.152 248.229 260.783 90 112 134
327.837 485.003 210.485 463.168 57 65 76
329.125 269.638 252.859 232.169 97 117 141
329.436 525.586 148.834 514.207 86 102 115
332.348 206.674 258.597 163.472 92 114 142
332.348 206.674 258.597 163.472 92 114 142
334.13 185.451 261.545 140.363 101 127 157
334.661 533.039 152.879 522.91 84 82 81
335.347 223.498 261.567 181.904 77 96 121
335.49 244.791 260.946 205.372 94 117 141
336.466 485.03 219.138 463.121 55 61 69
337.147 532.485 152.879 522.91 74 71 66
339.413 537.872 158.941 528.534 102 116 126
339.776 143.036 278.509 98.3146 252 252 252
339.829 225.451 266.646 184.458 80 99 125
342.186 532.896 160.372 523.629 57 62 67
342.568 189.658 271.22 145.434 96 120 150
345.66 536.859 158.941 528.534 94 111 123
347.654 273.808 505.474 292.02 83 106 132
348.497 242.428 276.165 203.6 100 126 153
349.913 237.904 277.837 198.567 87 107 134
358.145 169.806 290.386 125.189 81 96 121
360.051 535.94 158.941 528.534 92 107 118
360.439 467.287 290.761 443.858 21 32 17
364.069 133.868 304.029 88.3189 252 252 252
364.159 249.242 294.743 213.1 120 166 199
365.876 197.816 660.383 546.886 63 72 84
369.329 534.107 199.005 524.398 92 108 117
371.197 169.381 285.402 116.937 235 245 249
372.542 469.852 25.9152 398.628 67 85 103
372.597 204.6 305.552 163.73 113 161 192
373.113 469.189 236.95 446.195 90 114 129
374.471 239.16 306.302 201.554 112 162 194
376.832 262.127 505.474 292.02 75 87 116
377.15 237.418 309.437 199.503 79 102 127
382.075 202.364 316.447 161.902 101 122 143
383.582 475.492 464.412 348.322 25 29 33
386 253.063 319.17 217.126 74 90 115
386 253.063 319.17 217.126 74 90 115
386.857 466.908 290.761 443.858 25 33 20
388.428 175.664 327.384 133.922 221 235 240
391.249 466.631 290.761 443.858 23 31 19
391.489 238.284 325.541 200.822 89 108 130
392.69 198.833 328.703 158.364 95 110 128
394.053 184.519 330.826 142.889 106 123 138
395.122 158.708 334.965 115.538 164 203 221
400.382 170.279 338.156 127.574 174 212 229
403.499 136.307 370.734 83.9829 179 207 221
406.822 200.849 346.622 161.527 123 132 132
408.57 116.533 350.428 70.0396 230 230 231
408.796 233.366 347.986 196.392 70 83 102
413.484 184.292 353.17 144.106 172 209 224
415.85 255.138 353.087 220.962 28 40 63
417.914 252.488 355.542 218.19 74 132 151
421.061 218.238 361.547 182.072 83 137 153
424.595 522.089 258.632 508.629 61 73 81
426.945 375.493 152.879 522.91 15 15 22
435.101 587.981 270.115 586.933 96 109 118
437.184 489.799 275.337 472.608 27 31 34
441.34 255.185 419.091 77.5848 137 181 210
441.882 516.913 223.411 368.938 9 12 17
444.148 267.876 445.985 315.303 157 190 212
444.157 505.166 278.801 491.927 5 8 13
447.707 103.779 414.003 47.4409 102 130 162
451.018 497.537 288.296 483.134 6 9 14
452.846 490.448 293.001 474.063 61 79 94
457.717 446.095 392.673 423.082 10 13 18
462.624 183.075 404.546 143.056 165 195 213
464.608 149.075 405.873 108.199 193 224 227
464.608 149.075 405.873 108.199 193 224 227
464.695 438.761 400.59 415.898 25 30 36
466.742 269.128 403.357 286.168 173 204 221
466.791 241.831 405.857 207.344 176 205 221
466.883 246.444 403.357 286.168 168 194 215
467.274 517.345 309.433 506.692 8 10 14
467.452 301.651 441.924 255.908 185 200 211
468.109 520.157 310.194 510.356 79 85 91
472.513 518.102 317.147 507.685 75 81 86
472.513 518.102 317.147 507.685 75 81 86
474.308 197.876 415.138 159.663 93 138 175
474.448 157.756 417.255 115.4 150 191 211
474.625 203.381 415.696 165.914 132 184 210
474.849 123.098 419.091 77.5848 135 176 200
474.874 192.679 416.292 153.883 131 176 206
474.959 275.782 412.744 244.677 177 210 225
475.111 259.159 412.261 277.116 171 200 214
475.496 181.694 417.315 141.629 139 180 207
475.5 528.432 319.933 520.026 55 59 62
475.53 280.398 412.323 249.319 154 183 198
475.971 172.163 417.79 131.058 117 155 184
476.188 94.6568 421.622 46.8333 143 180 196
476.296 520.539 322.589 510.705 64 70 73
476.296 520.539 322.589 510.705 64 70 73
476.774 501.788 326.801 489.712 6 7 12
476.953 194.669 418.467 156.262 130 177 208
477.171 517.794 323.907 507.157 11 9 17
478.344 590.815 112.316 591.946 0 0 0
478.843 92.5484 424.905 44.5771 53 97 146
478.965 520.925 325.986 511.23 51 52 54
479.33 126 423.915 81.3733 51 100 143
479.696 196.803 421.054 158.495 55 103 148
480.324 176.108 422.683 135.872 46 81 127
481.542 131.666 424.033 164.974 76 150 185
481.994 164.124 425.035 123.108 49 113 163
482.067 158.66 425.713 117.362 86 160 192
482.503 202.561 424.033 164.974 97 166 196
482.549 146.031 426.578 104.478 74 147 185
483.331 239.122 423.413 204.775 144 191 211
483.469 515.625 332.607 505.413 8 10 15
483.612 245.735 423.435 212.27 130 177 200
483.756 197.673 424.968 159.381 58 108 156
484.059 95.3853 430.568 47.7131 49 72 106
484.372 240.423 424.91 206.62 142 188 212
484.803 315.638 423.435 212.27 125 172 202
484.897 262.496 422.916 228.706 123 171 198
485.591 178.576 446.038 147.153 53 77 106
486.942 109.916 433.347 63.9386 83 140 182
486.954 366.889 705.586 475.006 141 106 81
487.326 265.3 444.523 238.946 43 61 93
488.022 181.943 448.346 150.48 100 155 191
488.154 312.968 443.586 288.477 36 48 75
488.154 312.968 443.586 288.477 36 48 75
488.71 526.645 338.433 517.029 7 8 12
490.055 264.101 427.627 307.314 139 176 204
490.136 241.962 430.322 208.043 160 195 218
490.925 280.348 429.134 249.62 155 191 217
491.021 311.586 430.322 208.043 126 170 201
491.147 270.469 429.596 237.978 151 187 211
491.237 316.108 428.11 287.239 131 172 200
492.075 334.446 427.627 307.314 129 176 206
492.237 586.438 424.554 587.28 84 97 105
495.021 238.349 436.063 204.922 159 193 218
495.702 163.736 441.165 123.949 100 166 198
498.902 103.507 447.359 57.8104 45 73 108
500.346 156.446 448.961 116.624 49 92 129
500.961 283.364 441.924 255.908 153 187 216
500.984 267.025 443.482 165.463 137 172 200
502.362 318.462 430.322 208.043 136 177 206
502.819 336.513 429.596 237.978 115 171 203
504.069 105.95 452.138 60.5043 63 104 147
505.53 339.447 693.343 472.773 53 77 101
505.659 211.122 451.155 177.74 101 167 199
505.914 126.834 454.341 85.5159 65 129 180
506.716 246.606 450.617 213.019 152 190 216
506.809 133.316 456.605 92.5113 43 76 94
506.896 253.695 450.417 224.456 128 171 201
507.253 267.742 449.313 284.68 129 170 201
507.487 274.91 450.035 246.479 148 189 214
507.736 140.017 458.78 99.89 34 56 73
507.915 284.878 450.081 254.409 155 193 215
508.553 314.095 449.313 284.68 120 165 195
508.95 321.211 449.28 295.647 137 178 203
509.39 139.943 458.78 99.89 32 52 69
509.4 412.766 462.011 390.989 53 74 88
509.529 208.339 457.559 173.897 31 53 70
510.415 177.498 458.055 139.461 27 39 55
511.293 208.23 457.559 173.897 31 53 71
511.435 171.693 459.099 134.181 68 117 130
513.868 249.387 457.9 218.161 62 114 131
514.152 292.328 456.364 263.236 29 38 55
514.796 238.555 459.005 207.165 54 100 117
514.902 277.139 457.731 247.496 58 107 120
515.117 210.77 460.144 244.566 31 50 66
515.441 286.963 458.015 258.442 60 111 128
516.816 252.98 460.337 221.614 23 34 52
516.816 252.98 460.337 221.614 23 34 52
517.332 175.243 464.5 137.768 85 125 146
517.395 274.408 460.144 244.566 27 39 55
517.594 345.677 457.424 319.895 71 68 48
518.741 126.545 468.559 85.4155 37 62 84
519.331 145.71 468.383 105.684 29 45 64
519.651 319.913 460.287 292.682 24 32 50
519.836 115.288 470.62 72.3574 50 77 110
521.078 193.422 467.942 157.597 23 36 54
521.454 385.778 459.5 362.363 32 45 51
521.88 391.484 459.303 367.502 16 24 33
522.915 120.217 794.588 591.953 214 221 228
522.915 120.217 794.588 591.953 214 221 228
524.903 159.989 472.41 119.598 55 64 82
524.974 117.01 475.414 74.9938 223 251 255
525.704 321.325 466.493 294.34 17 28 44
525.97 586.877 270.115 586.933 90 102 106
525.987 132.984 475.685 91.7865 52 62 80
526.057 153.07 474.996 114.467 53 64 80
526.388 145.766 475.801 105.877 55 64 80
526.388 145.766 475.801 105.877 55 64 80
527.606 274.394 471.072 244.827 64 86 109
528.043 180.454 475.955 143.71 48 56 75
528.27 170.34 476.934 132.197 49 58 74
528.591 392.276 466.237 368.652 14 22 31
529.612 264.557 473.435 234.437 47 57 71
533.165 348.815 473.171 335.835 38 45 58
533.182 260.443 477.359 229.89 49 59 73
533.673 360.973 473.171 335.835 35 42 54
534.51 586.838 270.115 586.933 84 96 102
534.629 354.624 474.12 329.255 35 41 53
535.548 376.901 474.073 352.725 33 39 51
535.666 191.956 483.091 156.341 71 84 105
538.039 137.314 487.988 96.6734 75 85 105
538.654 144.537 488.292 104.888 75 88 110
538.799 152.084 488.111 112.743 74 85 107
538.993 113.962 632.976 161 98 108 134
539.879 180.01 488.052 142.816 70 83 105
540.424 199.519 487.528 164.332 66 80 101
540.524 193.327 487.833 157.567 71 84 104
540.599 187.498 488.289 151.203 76 88 109
540.913 128.917 491.41 87.5936 105 133 163
541.687 216.889 487.871 183.106 64 77 99
541.777 142.445 491.606 102.019 101 126 153
541.977 155.324 491.19 116.596 99 122 152
542.112 205.66 488.839 170.966 76 88 111
542.634 161.413 491.555 122.868 105 130 160
542.9 233.615 488.285 201.039 69 85 105
543.118 149.976 492.018 111.005 101 125 153
543.481 241.055 488.469 209.173 63 80 100
543.547 190.089 490.9 153.506 101 127 157
544.02 266.776 487.647 236.699 56 69 86
544.273 182.125 492.171 145.264 103 132 160
544.448 261.869 488.37 231.478 62 75 92
544.482 208.556 491.144 174.307 105 128 156
544.791 279.291 487.928 250.018 65 77 100
544.953 271.234 488.462 241.53 56 66 85
545.806 296.583 488.054 268.62 57 69 88
545.945 306.092 487.814 278.67 55 67 83
546.181 240.108 491.224 208.274 108 134 161
546.313 245.728 491.029 214.278 109 136 162
546.626 145.337 497.007 107.703 98 122 150
546.823 258.533 490.934 227.859 103 129 152
546.985 338.195 487.224 312.352 56 64 77
547.031 316.502 488.369 289.154 58 67 82
547.089 311.593 488.819 284.103 62 73 90
547.256 265.088 491.024 234.957 105 127 151
547.397 330.336 487.885 304.232 51 61 74
547.604 336.036 487.983 310.041 55 61 75
547.69 350.054 486.959 323.928 45 52 62
547.693 272.441 491.391 242.907 102 127 150
548.001 340.643 488.187 314.928 53 61 73
548.21 281.147 491.334 252.031 102 127 152
548.761 376.196 487.122 352.198 42 49 59
549.204 300.246 491.186 272.405 97 119 139
550.426 322.346 491.464 295.774 90 105 125
550.48 328.365 491.102 301.468 90 103 119
550.664 392.459 488.444 368.959 51 55 64
550.728 335.839 491.126 309.877 83 94 109
551.208 347.554 491.08 322.055 80 89 100
551.912 329.728 492.753 303.504 89 102 117
552.012 352.63 491.644 327.536 86 99 108
552.068 343.291 491.994 317.539 89 100 113
552.155 518.354 426.932 506.851 8 9 13
552.46 126.089 562.935 124.15 97 121 152
552.84 319.816 494.213 293.013 96 113 133
553.322 143.405 504.809 104.414 101 125 153
553.33 135.372 505.084 95.4344 102 125 155
553.576 400.105 490.898 377.069 98 99 97
553.702 391.893 491.426 368.012 119 124 114
554.067 150.845 505.216 112.243 101 125 153
554.893 373.451 494.209 348.501 79 87 98
556.057 510.52 432.648 498.658 72 87 92
556.536 139.275 508.424 100.158 80 94 116
556.648 586.485 424.554 587.28 88 101 107
557.356 171.84 497.007 107.703 80 135 181
557.384 389.842 495.59 366.617 64 70 80
557.546 277.063 501.993 248.28 112 138 163
557.636 243.984 456.229 124.665 101 128 156
558.389 235.197 505.772 203.899 103 130 159
558.638 240.954 505.508 209.936 103 130 158
558.793 189.668 507.832 154.378 97 154 189
558.8 254.396 505.474 292.02 101 125 152
558.823 516.017 436.211 504.879 89 113 128
559.006 246.691 505.238 215.956 95 123 152
559.214 182.432 509.958 148.347 102 152 187
559.356 261.083 504.877 231.337 97 118 143
560.3 312.795 456.229 124.665 97 115 134
560.386 283.478 505.035 255.267 96 118 139
560.986 293.227 505.034 265.474 96 116 140
561.234 584.195 328.033 582.552 75 85 92
561.491 155.963 517.156 121.069 59 70 98
562.411 405.678 500.559 383.13 34 16 28
562.633 230.211 510.327 198.82 138 192 218
563.425 402.377 502.083 379.768 61 69 80
563.583 273.024 509.216 243.334 151 184 205
563.732 501.323 444.169 487.784 69 83 89
564.061 272.243 509.216 243.334 149 185 206
564.309 486.592 449.472 473.494 12 15 20
564.392 224.729 514.348 193.882 93 156 194
564.797 586.776 270.115 586.933 94 106 110
565.018 513.853 443.317 503.423 99 127 151
565.29 157.913 517.156 121.069 59 78 100
565.792 508.151 445.978 495.84 80 96 103
567.177 141.436 520.382 103.534 83 97 121
567.834 162.442 520.189 126.471 73 133 182
568.779 187.479 519.929 182.033 95 151 188
568.913 194.491 520.114 160.963 91 154 191
570.15 221.991 519.544 190.578 97 161 196
571.121 215.289 520.479 154.453 89 153 193
571.463 157.706 524.011 121.354 87 105 126
572.231 161.145 525.334 125.825 58 68 87
572.398 408.496 510.931 386.003 44 50 62
572.487 161.438 525.098 125.455 58 68 87
573.575 165.745 526.084 130.338 74 140 183
575.053 190.36 526.359 156.938 84 153 192
575.496 229.264 524.489 197.947 84 138 184
576.914 217.046 526.859 185.624 87 154 193
577.639 146.969 531.565 110.154 103 128 158
577.701 226.495 527.101 195.449 92 154 197
578.159 589.874 578.2 589.869 0 0 0
578.177 194.274 529.462 161.059 66 94 131
578.449 442.99 515.765 421.975 25 25 29
578.691 197.572 529.986 164.679 76 101 131
579.919 439.074 517.522 418.367 49 51 37
579.954 256.627 527.956 228.208 143 182 203
580.034 177.681 532.619 143.447 104 133 162
580.114 220.061 530.188 189.053 70 93 126
581.497 278.778 528.393 251.15 155 191 210
582.49 212.368 532.855 180.6 110 138 167
583.8 266.501 532.942 304.447 83 97 119
583.826 314.184 529.092 288.423 149 185 208
584.234 320.845 529.237 295.67 120 176 204
584.454 492.064 477.292 476.941 17 8 14
584.602 415.719 524.847 394.18 57 64 74
586.159 507.515 630.458 261.308 39 43 45
586.61 247.54 534.493 272.056 111 138 165
587.146 317.625 532.446 292.04 64 78 99
587.866 485.7 480.855 469.803 14 16 23
587.966 406.155 528.383 384.374 120 146 170
587.966 406.155 528.383 384.374 120 146 170
591.677 279.403 539.441 252.171 99 120 143
591.677 279.403 539.441 252.171 99 120 143
592.612 482.603 486.414 466.33 168 178 184
595.907 484.275 490.234 467.926 30 14 24
596.268 488.604 490.713 472.799 111 63 81
597.822 506.843 171.594 207.796 43 46 44
597.831 373.775 540.928 351.045 70 78 87
599.872 274.818 548.8 248.007 96 120 141
602.53 484.685 498.058 468.632 57 27 40
603.273 394.312 546.032 372.567 82 91 100
603.994 481.652 499.427 465.131 147 154 157
603.994 481.652 499.427 465.131 147 154 157
606.079 172.942 561.731 140.546 106 127 154
606.509 158.135 562.935 124.15 102 126 154
606.965 417.886 548.742 397.023 59 70 81
607.083 336.586 553.077 312.83 85 100 115
607.358 420.886 549.249 400.111 36 39 46
609.68 498.566 503.678 484.144 44 49 61
610.262 169.951 566.198 137.3 83 99 120
610.763 230.499 563.383 201.98 109 134 159
610.898 201.046 565.122 170.482 93 121 152
611.262 194.796 566.056 164.441 94 120 154
612.784 186.682 568.14 155.545 81 153 196
612.906 495.919 507.515 481.887 13 16 24
614.354 161.541 571.323 128.87 81 96 121
614.385 475.97 513.128 458.878 52 27 47
614.801 479.648 511.824 463.23 125 132 127
614.857 213.338 568.592 183.661 79 98 121
615.239 422.022 557.215 401.209 16 23 24
615.902 417.356 558.312 396.642 59 67 78
620.327 230.219 573.371 200.418 78 98 120
620.339 329.552 568.111 305.977 102 119 135
621.01 356.535 567.156 333.934 96 108 118
622.054 350.344 568.871 327.677 93 105 117
622.201 240.637 575.363 213.34 108 134 159
622.465 172.78 579.084 140.859 104 129 158
623.202 188.626 601.949 171.476 102 126 151
624.139 223.875 578.178 195.444 82 98 126
624.446 229.244 578.483 201.313 83 101 125
624.893 183.72 581.193 153.123 103 127 153
625.133 329.119 572.957 305.2 77 90 106
626.423 196.615 582.275 167.112 103 129 159
626.423 196.615 582.275 167.112 103 129 159
627.027 292.676 577.631 268.122 105 129 147
627.182 205.848 582.741 176.89 105 130 160
627.953 212.957 583.057 184.288 111 140 168
628.098 357.544 575.117 335.63 97 106 117
628.668 336.111 576.822 313.542 74 85 97
629.241 225.097 583.455 195.658 106 131 158
630.02 500.464 527.909 486.449 12 12 21
631.011 237.107 584.697 210.122 109 135 162
631.011 237.107 584.697 210.122 109 135 162
632.928 500.692 532.224 486.629 53 60 68
632.944 499.827 532.062 486.039 59 66 73
633.57 268.923 609.196 252.768 183 211 223
633.846 491.998 533.559 476.875 54 67 73
634.165 241.03 610.457 224.272 109 133 154
635.303 341.453 583.428 318.905 66 75 84
635.38 280.972 587.329 256.383 79 98 119
635.38 280.972 587.329 256.383 79 98 119
635.569 245.637 589.454 219.343 51 62 82
637.372 173.549 595.545 143.285 80 97 121
637.83 203.454 594.234 175.259 124 175 202
638.085 344.122 586.564 321.967 95 106 118
638.946 417.751 582.34 397.163 56 63 73
640.006 224.451 594.969 196.788 81 101 125
640.09 340.028 588.777 317.696 97 111 127
640.669 247.736 616.628 231.369 107 135 159
641.107 307.956 631.28 312.182 105 124 141
641.147 210.38 595.744 184.715 86 152 194
641.813 228.954 597.131 201.57 86 102 127
642.131 390.561 573.577 301.929 132 135 127
642.369 331.125 591.904 308.69 102 118 134
644.483 285.878 596.472 261.398 111 135 155
644.519 184.435 602.629 155.286 109 135 164
645.114 243.344 599.744 217.528 88 106 126
645.628 226.953 601.2 200.028 87 106 128
647.967 472.318 553.164 455.167 70 56 89
648.604 308.23 599.757 285.128 154 198 214
649.043 216.676 582.741 176.89 112 135 162
649.073 287.145 601.641 263.057 108 131 152
650.04 334.418 599.7 312.136 80 87 101
650.723 329.02 600.817 306.565 136 193 215
650.849 300.274 624.684 284.304 103 125 141
651.486 234.625 607.04 208.332 112 138 163
651.745 284.707 604.474 260.603 77 96 116
654.982 241.395 610.433 215.723 111 135 159
655.334 249.255 610.457 224.272 111 135 157
655.473 280.872 630.238 265.536 86 102 122
656.146 180.289 593.325 137.234 90 106 132
657.843 287.299 610.73 263.786 90 105 124
657.843 287.299 610.73 263.786 90 105 124
658.503 349.328 608.014 327.896 70 75 86
659.225 313.332 610.744 290.626 110 131 148
659.943 335.787 610.141 313.979 107 121 134
660.68 195.685 619.623 168.603 80 95 118
661.348 196.864 619.886 169.556 80 96 119
661.853 255.992 616.628 231.369 115 140 163
662.564 303.048 615.011 280.212 93 109 124
662.722 314.661 614.55 292.245 103 125 143
663.075 343.419 613.048 322.1 102 120 134
663.371 326.069 614.431 304.155 106 125 141
664.151 353.315 613.601 332.58 100 113 124
664.377 332.442 615.035 310.534 105 122 138
665.462 210.716 601.949 171.476 109 133 158
666.053 345.153 616.087 323.969 103 117 129
666.516 204.383 625.023 177.395 112 137 163
667.519 247.426 623.789 224.597 92 111 133
667.901 225.46 596.424 240.986 118 143 170
668.68 299.948 621.526 277.384 110 131 149
668.68 299.948 621.526 277.384 110 131 149
670.28 240.524 626.825 215.829 120 144 168
671.015 202.309 629.617 175.911 122 152 181
671.015 202.309 324.85 140.436 122 152 181
671.543 492.429 582.923 476.608 26 25 31
672.087 188.417 632.976 161 110 135 163
672.096 589.955 672.123 589.975 0 0 0
672.111 306.508 624.684 284.304 104 126 141
672.488 255.849 628.169 231.175 118 141 164
672.753 188.117 632.976 161 109 127 157
673.916 264.306 629.053 240.846 163 205 222
673.916 264.306 629.053 240.846 163 205 222
674.778 345.697 625.216 324.306 86 100 110
674.778 345.697 625.216 324.306 86 100 110
675.471 441.186 610.043 421.442 92 101 96
678.201 316.456 630.272 294.792 118 139 155
678.849 320.428 201.322 317.064 114 135 152
678.887 341.652 583.288 307.622 83 92 105
679.679 313.736 632.167 291.855 111 134 150
680.18 333.449 631.28 312.182 115 137 154
680.24 304.236 633.317 282.414 82 95 116
680.798 328.628 632.774 307.221 116 136 152
681.356 494.353 591.629 478.773 14 17 22
682.206 348.256 632.532 327.689 105 122 137
683.041 322.905 640.913 311.547 111 130 145
684.859 486.603 596.916 470.847 51 63 69
689.209 331.522 640.913 311.547 117 138 151
693.119 407.959 633.942 388.063 24 34 25
702.95 459.71 637.418 440.934 50 53 53
703.016 462.955 637.61 444.443 79 83 83
706.634 459.919 641.399 441.227 48 53 54
707.171 463.694 641.588 445.143 84 85 82
708.795 343.629 669.904 327.612 53 69 35
710.049 477.883 632.412 459.204 49 51 50
717.402 479.26 651.92 460.895 47 47 48
720.43 460.085 656.04 441.526 47 49 48
721.184 470.494 656.25 452.027 50 50 46
723.541 344.35 684.142 328.484 255 255 255
725.5 353.638 685.244 337.416 73 90 61
730.774 351.242 690.387 335.592 60 73 57
730.874 450.171 681.223 431.432 111 143 163
733.038 467.172 668.798 448.786 52 54 51
734.468 356.828 693.685 340.615 45 61 59
734.724 352.495 694.203 336.545 254 254 255
736.546 464.652 672.639 446.33 60 64 63
736.577 362.49 695.285 346.152 57 74 65
738.315 357.974 697.353 341.866 251 252 253
738.906 364.7 697.455 348.518 255 255 255
743.745 469.985 679.929 451.654 44 44 39
744.466 477.698 679.889 459.358 60 58 54
747.018 436.65 684.798 417.669 52 59 34
753.25 375.353 710.017 360.612 254 254 254
755.203 476.823 691.206 458.567 49 52 51
756.545 469.176 693.019 450.907 48 46 42
756.899 460.672 693.826 442.22 42 42 44
757.244 441.893 710.725 423.693 10 14 18
757.457 385.778 475.414 74.9938 255 255 255
757.457 385.778 475.414 74.9938 255 255 255
763.78 477.961 708.25 459.363 50 53 58
763.901 490.218 693.343 472.773 51 58 66
763.901 490.218 693.343 472.773 51 58 66
764.621 473.97 700.986 455.696 50 50 46
772.128 477.623 708.25 459.363 59 63 66
772.529 443.158 724.591 424.793 40 52 57
773.486 492.576 697.439 474.865 103 113 120
776.45 492.343 705.586 475.006 108 108 104
778.071 594.981 778.246 594.916 0 0 0
778.22 464.395 715.517 445.957 44 46 44
781.235 492.472 705.586 475.006 103 107 108
787.059 466.997 188.196 377.686 56 57 54
787.516 483.325 786.737 462.498 117 139 155
789.872 540.714 789.249 550.064 96 107 116
791.848 305.252 791.848 305.252 0 0 0
792.853 254.262 791.848 305.252 0 0 0
793.846 218.246 791.848 305.252 0 0 0
793.969 528.084 794.982 543.984 0 0 0
794.682 591.961 794.588 591.953 68 77 82
794.682 591.961 794.588 591.953 68 77 82
