36.3025 170.408 10.2986 150.262 243 248 249
37.0963 167.092 10.9623 146.818 123 127 128
42.2047 200.851 19.3666 183.084 75 90 87
42.8895 170.28 17.6202 150.441 254 255 255
43.4867 191.131 19.588 172.699 86 113 124
47.8875 196.202 24.261 178.192 254 255 255
49.336 203.336 26.2842 185.986 81 103 100
49.6084 542.71 220.36 515.917 75 89 102
56.786 202.413 34.2992 184.947 63 81 82
57.3576 594.94 578.2 589.869 0 0 0
57.4791 199.102 34.6005 181.322 237 242 244
60.3559 222.202 330.826 142.889 53 75 74
60.4263 198.886 38.9206 181.629 233 236 239
60.5981 261.072 37.6467 245.128 45 63 60
64.8209 191.391 42.4252 173.15 75 90 83
65.3666 202.842 44.1334 185.37 255 255 254
65.8355 197.812 43.6164 180.064 146 159 170
65.8355 197.812 43.6164 180.064 146 159 170
69.1651 253.021 48.9433 237.804 225 225 227
69.742 538.334 158.941 528.534 90 103 115
73.5073 538.534 534.493 272.056 90 104 114
82.286 238.647 59.1048 221.871 46 61 65
83.9627 232.096 61.1902 215.212 255 255 255
88.0002 247.302 64.8553 231.033 255 255 255
88.3418 592.854 578.2 589.869 0 0 0
89.8777 239.788 67.5374 223.301 57 79 77
89.8777 239.788 67.5374 223.301 57 79 77
112.432 591.857 578.2 589.869 0 0 0
140.343 264.223 106.338 249.165 79 83 98
140.941 524.081 33.767 531.573 118 140 154
146.696 586.972 473.133 587.761 94 107 116
153.22 590.852 578.2 589.869 0 0 0
172.412 585.84 270.115 586.933 90 101 111
184.369 338.623 137.191 320.351 43 48 54
189.059 368.557 163.083 345.53 23 37 44
190.62 279.901 144.966 257.898 255 254 251
191.586 341.833 142.483 323.823 26 35 36
192.265 451.574 93.7337 443.172 106 133 149
193.045 526.455 196.379 458.01 66 73 83
195.916 288.195 148.756 265.467 254 254 250
195.916 288.195 148.756 265.467 254 254 250
196.819 321.503 147.988 302.158 53 57 61
200.218 449.025 640.913 311.547 51 55 40
201.301 289.665 154.064 267.215 60 88 109
201.343 313.764 151.767 293.144 56 57 61
202.938 365.402 163.083 345.53 21 34 37
204.241 261.405 157.147 237.252 208 207 185
205.72 337.696 153.819 318.563 30 41 40
207.898 233.925 161.26 207.68 167 174 169
208.642 274.475 159.846 250.963 69 75 84
209.329 281.829 159.613 259.396 112 115 111
212.14 350.725 158.465 332.383 56 60 64
214.959 333.038 161.543 313.474 111 114 107
216.953 299.445 164.739 277.756 50 76 90
217.639 451.923 130.202 443.892 106 130 148
217.903 165.556 331.042 77.3662 249 249 250
221.15 235.563 171.594 207.796 184 185 176
222.211 283.759 170.013 259.802 123 128 125
230.502 302.787 175.839 278.805 56 59 68
230.736 210.372 181.641 179.77 48 57 68
231.135 362.304 189.671 339.55 74 98 118
233.793 192.663 183.905 160.435 240 236 228
239.195 327.045 181.335 305.175 28 39 40
239.773 310.953 182.579 288.044 79 88 98
239.773 310.953 182.579 288.044 79 88 98
242.458 335.444 184.011 314.953 72 81 88
243.846 261.988 188.158 234.776 115 124 131
244.114 454.902 178.427 453.502 58 69 83
245.304 269.364 187.975 253.386 101 120 135
246.332 581.972 219.888 575.604 101 115 123
247.727 197.461 196.454 162.755 43 51 70
249.434 238.942 194.512 208.074 140 139 132
249.877 334.602 189.653 313.493 66 70 78
251.811 250.371 195.827 220.715 144 152 156
254.802 176.739 201.892 140.599 171 169 172
258.739 391.459 193.951 376.161 61 65 74
261.839 265.783 203.288 236.634 108 114 120
261.845 362.387 197.987 343.4 76 81 86
261.984 395.15 195.68 381.285 19 28 29
262.297 239.097 204.587 209.016 95 103 113
262.44 509.96 33.767 531.573 136 158 173
263.061 455.845 167.014 448.374 73 84 93
263.762 333.871 201.322 317.064 85 95 106
265.748 315.57 204.062 292.964 94 101 109
267.297 240.867 208.923 208.974 105 109 113
267.98 262.026 207.96 232.947 116 124 132
270.376 463.077 130.202 443.892 115 139 154
270.517 509.9 33.767 531.573 135 158 172
270.673 245.152 211.625 213.103 249 240 222
272.623 459.607 178.427 453.502 62 67 76
272.638 235.04 213.82 202.273 184 184 180
272.989 285.302 211.344 257.468 76 96 119
273.22 275.881 212.291 247.494 78 92 115
273.461 225.369 214.978 191.084 255 255 253
273.721 269.894 213.157 240.396 78 98 122
274.586 155.992 219.441 114.461 193 187 182
274.607 184.416 214.978 191.084 243 242 243
275.149 306.699 213.993 281.746 80 102 125
275.149 306.699 213.993 281.746 80 102 125
278.22 460.457 225.119 506.115 54 61 74
278.834 226.421 219.918 192.122 81 100 124
282.945 180.885 224.389 142.924 82 100 126
283.672 159.883 226.67 118.43 84 108 138
284.133 309.579 224.562 285.327 79 97 119
284.195 155.927 227.806 113.97 90 102 131
284.963 384.152 223.411 368.938 46 47 55
288.76 316.814 229.911 293.412 86 100 121
288.76 316.814 229.911 293.412 86 100 121
289.945 236.692 233.296 204.056 92 114 142
290.658 209.486 234.906 174.022 76 96 122
290.658 209.486 234.906 174.022 76 96 122
291.069 582.25 719.697 585.437 82 97 106
291.347 518.009 100.877 531.506 101 120 134
293.384 138.911 259.794 96.5516 251 255 255
294.317 281.48 237.536 254.165 76 91 114
295.121 137.527 259.794 96.5516 250 255 254
297.553 266.791 241.81 238.124 91 111 136
301.453 178.046 248.557 139.392 78 99 126
301.453 178.046 248.557 139.392 78 99 126
303.568 287.221 248.229 260.783 87 107 132
308.95 233.393 256.135 201.206 94 115 142
310.179 199.192 258.597 163.472 90 111 138
312.185 178.187 261.545 140.363 95 124 151
313.047 215.95 261.567 181.904 75 93 118
313.18 237.099 260.946 205.372 90 111 138
315.038 149.39 277.539 113.566 204 220 228
317.333 218.029 266.646 184.458 74 92 117
319.873 200.844 270.302 165.844 90 113 141
320.906 466.154 219.138 463.121 59 66 76
321.404 214.725 271.774 182.175 81 102 126
322.885 152.642 285.402 116.937 192 208 220
325.876 234.867 276.165 203.6 97 123 150
327.089 223.614 278.172 190.979 97 121 151
329.744 185.263 282.269 148.796 93 118 142
330.044 251.832 306.302 201.554 113 167 198
339.329 510.045 158.941 528.534 98 116 128
342.879 127.418 280.874 100.72 98 125 157
343.218 578.611 171.561 584.148 73 84 92
345.065 164.523 276.858 233.865 75 92 117
347.11 162.2 285.402 116.937 220 237 243
347.818 400.601 693.6 451.715 29 33 31
349.375 262.326 509.216 243.334 130 163 194
349.837 198.099 305.552 163.73 109 157 191
350.887 232.087 306.302 201.554 110 160 193
351.228 509.195 158.941 528.534 94 111 123
351.84 510.807 158.941 528.534 92 110 124
353.208 452.168 236.95 446.195 86 109 125
353.611 240.101 724.527 528.912 78 94 119
353.704 230.457 309.437 199.503 77 93 116
358.813 195.876 316.447 161.902 100 120 141
359.201 243.349 315.952 214.189 90 112 135
362.002 245.923 319.17 217.126 70 88 111
363.312 457.722 464.412 348.322 28 34 39
364.521 169.165 327.384 133.922 233 235 236
368.947 192.45 328.703 158.364 86 103 122
370.926 178.51 330.826 142.889 100 116 135
375.005 163.39 338.156 127.574 151 198 220
375.842 200.861 336.621 168.035 105 119 132
380.773 135.271 344.479 96.5608 153 190 211
383.255 193.64 346.622 161.527 111 119 122
389.352 178.38 353.17 144.106 158 200 220
389.352 178.38 353.17 144.106 158 200 220
392.588 108.106 358.002 67.0195 239 240 240
397.479 490.375 243.47 501.947 144 160 170
406.087 124.634 370.734 83.9829 158 191 206
407.221 310.94 720.556 371.37 109 96 43
427.248 430.878 392.673 423.082 10 13 19
429.061 171.3 395.512 134.79 97 145 180
429.676 159.967 395.076 122.753 157 196 217
430.776 427.021 397.192 419.411 12 16 20
431.974 475.872 288.296 483.134 7 9 14
432.076 127.075 399.626 85.5418 144 186 202
432.537 431.331 398.942 423.74 35 45 52
433.929 424.119 400.59 415.898 24 31 38
439.319 146.31 405.873 108.199 173 209 218
441.062 114.411 409.511 71.4031 150 184 199
441.836 491.924 427.505 494.081 11 15 19
445.114 93.0957 414.003 47.4409 87 111 145
447.58 271.831 412.744 244.677 188 217 227
447.643 264.421 412.914 238.415 170 207 222
449.249 154.791 417.255 115.4 146 188 209
449.726 129.4 418.215 88.2846 143 186 202
449.975 178.109 417.315 141.629 123 172 202
450.022 493.367 317.147 507.685 98 112 116
450.022 493.367 317.147 507.685 98 112 116
450.457 119.865 419.091 77.5848 129 171 192
450.872 176.682 418.817 139.208 126 176 203
454.347 158.988 422.649 119.613 49 100 146
454.546 123.958 423.915 81.3733 42 100 147
455.377 495.954 325.986 511.23 56 57 58
456.427 256.813 422.916 228.706 128 176 205
456.577 161.742 425.035 123.108 50 115 166
456.662 129.377 424.033 164.974 72 146 181
456.683 156.348 425.713 117.362 83 157 191
457.354 144.247 426.578 104.478 80 154 187
459.305 306.22 425.317 284.035 34 40 60
459.597 491.849 332.607 505.413 8 9 15
459.71 126.102 429.94 83.9954 45 71 103
459.828 93.5083 430.568 47.7131 39 63 94
460.915 399.151 444.012 389.521 59 84 102
460.915 399.151 444.012 389.521 59 84 102
461.935 304.933 430.322 208.043 133 180 212
461.979 259.423 427.627 307.314 139 177 205
461.995 179.293 448.346 150.48 98 156 193
462.045 326.893 427.627 307.314 117 171 205
462.472 309.668 428.11 287.239 147 182 209
462.641 237.905 430.322 208.043 155 192 218
463.532 500.745 338.433 517.029 7 8 12
464.126 163.474 433.485 124.692 54 111 167
466.675 206.484 436.368 174.678 114 174 205
469.614 161.772 441.165 123.949 97 165 197
472.079 198.835 443.482 165.463 73 145 189
472.349 277.984 441.924 255.908 156 189 216
472.386 311.482 430.322 208.043 145 182 211
473.702 154.01 448.961 116.624 47 90 126
474.932 331.387 160.372 523.629 39 56 80
477.815 207.804 451.155 177.74 100 166 198
478.012 242.791 450.617 213.019 149 187 214
478.154 590.819 578.2 589.869 0 0 0
478.172 103.798 452.138 60.5043 61 98 143
480.434 124.236 454.341 85.5159 63 129 180
481.19 311.494 454.959 242.801 19 29 46
481.444 205.423 457.559 173.897 30 50 70
483.141 138.271 458.78 99.89 33 52 69
483.165 175.084 458.055 139.461 27 38 56
483.182 205.462 457.559 173.897 31 53 71
483.969 286.622 456.364 263.236 28 40 56
484.279 169.498 459.099 134.181 66 118 133
484.831 245.506 457.9 218.161 61 114 131
484.904 238.162 458.351 210.249 62 116 133
484.907 272.114 457.731 247.496 56 108 122
485.168 281.514 458.015 258.442 60 111 129
485.432 124.899 460.887 86.0953 62 126 177
485.906 234.503 459.005 207.165 52 101 120
486.351 141.002 460.144 244.566 31 50 66
486.76 207.822 460.144 244.566 31 47 67
487.385 248.933 460.337 221.614 24 35 52
487.385 248.933 460.337 221.614 24 35 52
487.392 269.518 460.144 244.566 32 51 68
487.482 109.655 463.335 67.3969 43 72 111
488.26 312.933 460.287 292.682 22 32 47
488.455 374.891 459.5 362.363 33 48 54
489.01 380.213 459.303 367.502 16 25 36
489.485 186.077 464.034 152.204 74 104 129
489.968 172.773 464.5 137.768 70 110 131
490.996 283.475 464.5 137.768 65 103 125
491.154 336.916 462.527 319.441 66 88 104
492.484 143.994 468.383 105.684 27 44 60
492.994 191.011 467.942 157.597 25 36 54
493.106 210.242 468.383 105.684 26 42 60
493.748 113.958 470.62 72.3574 49 70 101
494.096 314.377 466.493 294.34 17 26 42
495.061 381.156 466.237 368.652 14 22 34
495.061 381.156 466.237 368.652 14 22 34
495.302 403.966 466.009 394.061 12 15 21
496.428 208.645 471.072 244.827 64 91 114
497.133 269.435 471.072 244.827 67 94 117
497.751 157.923 472.41 119.598 53 64 81
497.762 320.104 214.978 191.084 56 80 100
498.583 115.987 475.414 74.9938 219 248 255
498.864 200.557 474.465 168.471 50 61 79
499.079 131.548 475.685 91.7865 50 60 78
499.114 401.784 470.512 391.437 44 63 78
499.461 260.337 473.435 234.437 45 55 71
499.58 218.501 474.401 188.693 47 59 76
499.999 178.785 475.955 143.71 47 56 73
500.289 168.957 476.934 132.197 47 55 74
500.426 287.617 474.418 264.536 44 53 70
500.556 235.791 475.324 207.337 50 59 76
500.612 351.811 473.171 335.835 37 43 55
501.043 193.632 477.076 160.344 50 59 76
501.445 357.129 474.049 341.881 37 43 55
501.679 346.04 474.12 329.255 35 41 54
501.823 282.569 476.303 258.561 46 55 72
501.823 282.569 476.303 258.561 46 55 72
502.095 366.667 474.073 352.725 34 40 52
502.268 375.621 474.485 362.499 34 40 51
506.929 190.156 483.091 156.341 68 83 105
510.887 226.129 486.844 195.71 60 76 94
511.007 144.153 488.292 104.888 70 82 105
511.365 178.65 488.052 142.816 66 80 101
511.443 197.83 487.528 164.332 64 79 99
511.52 191.75 487.833 157.567 67 81 102
511.666 207.447 487.868 175.166 70 82 104
511.856 185.963 488.289 151.203 69 84 106
511.918 214.64 487.871 183.106 60 75 95
512.564 203.867 488.839 170.966 77 93 117
512.574 241.595 488.084 212.918 69 86 108
512.632 313.506 494.213 293.013 55 64 82
512.639 230.853 488.285 201.039 68 86 107
512.789 262.944 487.647 236.699 55 69 88
512.881 247.529 488.228 219.509 61 75 95
513.214 258.13 488.37 231.478 63 75 95
513.271 274.83 487.928 250.018 57 73 95
513.487 291.462 488.054 268.62 56 69 88
513.569 300.62 487.814 278.67 55 67 84
513.792 330.859 487.224 312.352 55 63 77
513.794 296.192 488.03 273.978 57 70 89
513.887 341.76 486.959 323.928 45 52 63
514.022 141.886 491.606 102.019 100 125 153
514.041 150.292 491.411 111.306 101 127 157
514.1 310.351 488.369 289.154 53 64 80
514.191 323.4 487.885 304.232 53 64 80
514.321 338.152 487.894 320.436 47 55 66
514.408 160.567 491.555 122.868 103 131 160
514.497 305.598 488.819 284.103 60 71 90
514.502 332.933 488.187 314.928 56 64 76
514.691 206.705 491.144 174.307 104 131 159
514.788 366.785 487.122 352.198 45 52 64
514.92 215.603 491.154 184.175 103 129 158
515.122 212.122 491.447 180.018 102 129 158
515.307 180.875 492.171 145.264 103 131 160
515.396 361.311 488.278 346.002 50 59 69
515.401 386.356 271.236 235.145 40 48 58
515.445 237.311 491.224 208.274 105 133 161
515.559 255.009 491.029 214.278 104 132 158
515.57 242.709 491.029 214.278 108 137 165
515.801 261.351 491.024 234.957 103 127 152
515.839 264.976 490.99 239.021 99 121 145
516.135 268.511 491.391 242.907 98 121 146
516.981 321.349 491.102 301.468 94 107 125
517.077 328.338 491.126 309.877 86 98 114
517.081 241.667 493.227 212.511 102 130 159
517.1 315.876 491.464 295.774 93 108 127
517.121 254.484 494.213 293.013 94 117 143
517.131 493.906 426.932 506.851 7 9 13
517.388 340.039 491.08 322.055 80 91 104
517.861 344.467 491.644 327.536 89 101 113
518.139 388.783 490.898 377.069 100 105 102
518.309 322.748 492.753 303.504 88 102 120
518.386 380.783 491.426 368.012 116 122 118
518.593 145.251 497.007 107.703 96 119 150
519.036 365.032 491.994 317.539 76 85 96
519.38 313.497 494.213 293.013 95 113 134
521.487 250.338 498.266 223.124 92 115 142
521.806 379.219 495.59 366.617 57 66 76
523.615 114.957 761.04 348.724 219 247 255
524.501 129.411 504.839 89.3957 94 117 145
524.973 484.885 439.267 495.013 73 85 92
524.978 134.734 505.084 95.4344 100 124 154
525.015 272.835 501.993 248.28 112 142 168
525.353 258.604 456.229 124.665 102 126 153
525.451 150.353 505.216 112.243 101 124 152
526.174 394.019 500.559 383.13 40 17 29
526.707 586.158 424.554 587.28 74 83 88
527.058 390.79 502.083 379.768 59 69 81
527.622 278.915 505.035 255.267 96 116 141
527.988 288.291 505.034 265.474 93 116 140
527.991 490.806 443.317 503.423 101 124 137
528.318 139.025 508.424 100.158 77 93 116
528.836 188.588 507.832 154.378 93 154 191
531.343 227.998 510.327 198.82 143 193 221
532.485 288.475 492.018 111.005 165 205 224
534.726 392.983 510.448 382.173 131 162 186
535.491 396.903 510.931 386.003 46 53 63
538.088 193.339 520.114 160.963 90 155 193
538.213 186.434 519.929 182.033 92 151 189
538.289 161.922 520.189 126.471 77 140 182
538.622 141.371 520.382 103.534 77 92 115
539.964 428.538 515.765 421.975 25 29 27
541.117 190.64 523.175 158.216 62 116 168
541.583 157.345 524.011 121.354 90 108 132
541.629 425.328 517.522 418.367 52 50 37
542.925 160.958 525.334 125.825 57 65 83
543.052 226.693 524.489 197.947 89 140 185
543.408 238.594 524.435 211.396 124 163 193
544.343 196.24 526.504 164.242 83 150 194
544.961 215.359 526.859 185.624 87 155 198
545.535 472.066 477.292 476.941 25 8 16
545.581 224.708 527.101 195.449 101 159 200
546.456 170.501 529.555 136.151 69 99 134
546.566 485.46 630.458 261.308 43 43 42
546.86 193.229 529.462 161.059 70 97 130
546.872 403.493 524.847 394.18 60 69 81
547.962 218.237 530.188 189.053 71 95 126
548.346 466.437 480.855 469.803 21 26 36
548.527 308.302 529.092 288.423 145 183 211
548.68 314.563 529.237 295.67 116 176 206
549.117 176.96 532.619 143.447 107 136 166
549.937 474.964 483.566 479.07 7 10 14
549.942 394.669 528.383 384.374 129 158 181
549.943 263.031 532.942 304.447 77 93 118
550.352 277.995 531.745 254.727 74 89 116
551.329 482.223 486.165 490.73 8 9 13
551.596 398.099 530.573 388.191 50 56 67
551.618 311.932 532.446 292.04 77 89 112
554.223 329.138 535.079 323.127 92 112 130
555.697 464.999 490.234 467.926 34 17 28
556.713 484.688 171.594 207.796 46 48 46
559.719 364.451 540.928 351.045 71 79 92
559.719 364.451 540.928 351.045 71 79 92
561.224 465.442 498.058 468.632 47 35 47
562.117 404.812 543.142 395.994 59 69 80
562.497 462.797 499.427 465.131 139 151 166
564.14 383.615 546.032 372.567 81 90 101
564.679 271.32 548.8 248.007 96 119 144
566.79 405.631 548.742 397.023 58 67 79
569.526 474.869 507.515 481.887 15 17 22
571.959 457.494 513.128 458.878 56 29 50
573.853 173.107 561.731 140.546 104 128 154
574.343 162.992 562.209 130.183 106 130 158
574.872 419.778 557.91 412.613 17 23 23
575.302 405.129 558.312 396.642 57 68 80
576.351 228.544 563.383 201.98 110 136 163
577.362 200.236 565.122 170.482 95 120 154
577.683 169.582 566.198 137.3 80 98 121
577.909 193.926 566.056 164.441 93 128 163
578.178 589.889 88.1976 592.879 0 0 0
579.167 536.102 505.084 95.4344 99 112 120
579.908 186.313 593.067 169.448 76 153 197
580.741 212.17 568.592 183.661 79 100 127
581.54 348.376 567.156 333.934 93 106 118
581.884 161.767 571.323 128.87 80 98 120
582.051 323.133 568.111 305.977 101 120 137
582.914 342.719 568.871 327.677 91 105 117
585.166 228.78 573.371 200.418 83 105 128
586.526 322.922 572.957 305.2 78 90 104
586.539 238.619 575.363 213.34 103 133 159
586.854 478.644 532.062 486.039 67 74 75
587.268 297.231 599.757 285.128 148 195 218
588.824 222.353 578.178 195.444 85 105 131
589.499 329.592 576.822 313.542 79 92 104
589.602 288.601 624.684 284.304 100 127 147
589.602 288.601 577.631 268.122 100 127 147
590.166 169.366 580.687 136.98 105 131 160
590.92 183.521 581.193 153.123 104 127 156
592.111 196.066 582.275 167.112 102 130 160
592.111 196.066 582.275 167.112 102 130 160
592.929 212.004 583.057 184.288 111 142 169
594.91 246.41 584.596 223.143 129 187 216
594.922 235.117 584.697 210.122 107 135 162
594.922 235.117 584.697 210.122 107 135 162
595.755 405.505 582.34 397.163 54 62 73
596.225 265.621 609.196 252.768 191 216 228
597.452 276.838 587.329 256.383 85 102 123
597.452 276.838 587.329 256.383 85 102 123
597.598 316.665 586.488 299.454 107 129 147
599.061 243.625 589.454 219.343 46 58 81
599.204 411.011 586.812 403.667 16 24 26
599.514 324.326 588.77 308.504 100 119 134
599.837 333.077 588.777 317.696 96 112 128
600.078 394.126 587.984 384.914 48 54 60
600.217 383.48 572.957 305.2 56 62 71
600.595 454.617 553.164 455.167 72 55 85
602.337 272.456 583.288 307.622 88 108 128
602.393 202.446 594.234 175.259 144 188 209
602.947 174.274 595.545 143.285 85 103 128
605.103 227.461 597.131 201.57 85 106 127
605.743 263.633 596.424 240.986 108 132 158
606.36 271.64 597.389 250.476 110 133 157
606.487 185.123 599.469 155.576 84 101 125
607.895 241.579 599.744 217.528 83 100 124
608.255 291.006 599.412 271.946 110 136 159
608.796 177.156 602.299 147.198 109 134 165
608.802 225.75 601.2 200.028 86 106 130
608.825 303.285 599.757 285.128 164 203 220
609.365 184.549 602.629 155.286 107 133 162
609.621 199.482 601.949 171.476 112 140 167
609.998 323.041 600.817 306.565 131 193 218
609.998 323.041 600.817 306.565 131 193 218
610.04 283.107 601.641 263.057 108 132 153
611.169 295.72 624.684 284.304 101 121 138
612.146 207.628 605.372 180.702 110 136 163
612.513 215.927 582.741 176.89 112 137 164
612.88 220.99 605.966 195.448 113 137 165
613.956 233.12 607.04 208.332 113 140 167
615.169 176.585 606.819 144.387 87 107 132
616.814 301.314 609.025 283.322 112 136 154
616.906 239.452 610.433 215.723 110 137 160
617.054 247.085 610.457 224.272 110 137 160
617.532 317.076 609.552 300.719 105 126 143
617.907 283.21 610.73 263.786 87 104 124
617.907 283.21 610.73 263.786 87 104 124
618.436 225.611 580.45 239.642 87 105 128
618.457 315.685 611.321 299.63 104 125 142
618.457 315.685 611.321 299.63 104 125 142
620.669 336.456 613.048 322.1 102 121 134
621.292 345.815 613.601 332.58 98 112 125
621.583 471.213 582.923 476.608 29 24 31
621.592 309.463 614.55 292.245 103 124 141
621.594 320.037 614.431 304.155 103 122 138
621.81 298.402 615.011 280.212 90 103 123
622.318 326.261 615.035 310.534 101 123 137
622.417 227.447 616.921 202.702 139 205 235
622.628 253.518 616.628 231.369 115 140 163
622.656 194.795 632.976 161 87 105 129
622.656 194.795 619.623 168.603 87 105 129
622.868 358.399 614.953 346.893 140 166 148
624.377 197.003 619.886 169.556 80 95 119
626.173 348.674 619.057 335.404 60 68 85
627.037 190.817 622.792 163.178 110 136 165
627.479 295.661 621.526 277.384 111 134 152
627.924 210.561 601.949 171.476 113 142 170
627.984 245.701 623.789 224.597 89 106 128
628.154 468.874 592.021 472.815 19 20 25
628.313 308.095 622.262 291.705 169 205 220
628.692 481.664 591.738 489.343 9 10 15
628.98 203.805 625.023 177.395 110 136 164
629.342 291.42 623.792 273.013 113 136 154
631.08 337.687 625.216 324.306 83 97 108
631.182 239.011 626.825 215.829 118 146 170
631.486 466.938 596.916 470.847 56 64 70
632.59 253.408 628.169 231.175 115 140 164
633.575 261.647 629.053 240.846 176 210 225
633.575 261.647 629.053 240.846 176 210 225
634.271 189.331 632.976 161 113 141 170
634.973 279.943 630.458 261.308 187 217 229
635.251 188.61 632.976 161 110 135 167
636.576 327.219 631.28 312.182 114 135 151
636.784 308.131 632.167 291.855 116 135 155
636.784 308.131 632.167 291.855 116 135 155
637.371 322.143 632.774 307.221 115 135 150
637.872 300.062 633.317 282.414 85 103 121
637.882 341.081 632.532 327.689 104 125 139
642.632 399.74 632.564 391.005 83 73 29
644.009 397.089 633.942 388.063 24 34 22
644.642 345.517 639.725 334.185 107 124 134
653.437 447.463 641.588 445.143 86 87 85
653.459 443.993 641.399 441.227 51 53 53
659.071 332.557 664.029 324.572 76 92 47
663.008 342.799 668.545 335.667 39 56 34
664.613 335.371 669.904 327.612 50 68 40
669.811 446.948 660.859 444.792 67 69 68
677.391 428.833 680.714 424.594 17 19 19
677.42 336.147 684.142 328.484 254 255 254
678.358 338.906 685.029 331.343 60 81 52
678.753 344.722 685.244 337.416 50 70 40
679.103 352.567 685.104 345.899 85 101 93
681.5 514.539 637.421 547.76 96 109 116
682.053 517.275 635.852 553.335 74 85 91
683.414 431.123 689.321 427.464 22 25 32
683.501 343.176 690.387 335.592 62 74 58
683.501 343.176 690.387 335.592 62 74 58
684.325 359.879 690.772 354.074 39 57 36
685.43 452.854 679.929 451.654 46 44 40
687.288 343.873 694.203 336.545 252 253 253
688.267 352.992 695.285 346.152 53 65 54
690.011 348.726 697.353 341.866 251 251 252
690.058 358.904 696.988 352.411 255 255 255
690.363 355.086 697.455 348.518 250 251 251
694.952 368.616 702.111 362.191 33 47 31
695.043 458.814 691.206 458.567 50 51 51
696.416 452.039 693.019 450.907 49 45 41
696.648 452.712 693.6 451.715 49 46 41
696.69 360.89 703.941 354.403 254 255 254
702.093 366.918 710.017 360.612 254 254 254
702.261 459.903 708.25 459.363 54 56 61
708.384 304.43 707.15 290.376 255 255 255
709.35 459.438 708.25 459.363 56 59 62
710.79 508.517 685.846 535.927 101 115 122
711.958 379.844 246.702 499.945 20 27 34
712.336 446.716 712.222 444.904 72 74 77
713.147 590.947 672.123 589.975 0 0 0
713.98 432.49 721.874 429.308 12 20 22
714.648 459.574 714.627 459.539 62 71 82
716.03 452.402 716.134 451.143 70 71 69
716.2 437.167 722.342 434.346 156 183 198
716.698 443.224 719.443 441.498 49 54 53
716.727 428.51 724.591 424.793 46 59 65
717.099 507.902 695.27 535.491 104 115 122
723.607 441.229 731.131 438.44 84 99 106
731.074 452.437 734.026 451.48 53 51 46
732.72 507.927 719.741 534.912 168 187 191
735.362 503.624 580.45 239.642 98 115 128
736.06 449.455 739.916 448.044 85 92 98
736.06 449.455 739.916 448.044 85 92 98
738.791 470.484 705.586 475.006 106 111 113
741.245 451.09 745.964 450.14 55 56 55
745.471 443.877 751.354 441.981 45 47 47
745.761 357.926 756.434 352.057 111 103 62
746.893 359.808 757.449 354.052 148 132 78
750.065 383.573 757.96 375.109 39 50 44
751.472 452.168 758.009 451.384 46 49 53
751.68 358.788 762.826 352.994 100 93 60
753.974 366.806 764.957 361.021 84 76 78
753.974 366.806 764.957 361.021 84 76 78
756.015 456.942 763.242 456.782 44 47 46
759.729 436.337 770.01 433.801 61 75 84
760.829 430.379 771.432 427.522 30 39 33
760.829 430.379 771.432 427.522 30 39 33
763.127 360.775 775.208 355.049 75 76 62
764.385 429.492 775.176 426.571 32 38 28
766.811 498.723 769.473 518.34 103 117 125
767.187 444.043 776.233 442.407 47 50 48
768.272 500.963 770.947 521.832 82 94 102
768.904 440.515 779.198 438.285 82 94 99
775.022 24.8586 259.794 96.5516 155 206 244
780.949 78.135 742.835 355.152 177 216 251
783.344 352.653 785.638 346.292 255 255 255
787.754 439.766 786.737 462.498 75 94 104
788.413 378.086 788.403 372.019 203 199 173
791.843 477.721 310.979 211.095 0 0 0
791.848 305.252 791.848 305.252 0 0 0
792.843 254.264 792.838 254.275 0 0 0
793.994 591.54 794.588 591.953 84 93 98
794.988 544.071 794.982 543.984 0 0 0
797.504 127.627 288.296 483.134 0 0 0
