16.1533 472.783 696.648 452.712 44 53 59
28.8915 531.835 134.474 511.52 114 133 152
37.0583 472.059 696.648 452.712 40 49 55
38.0349 366.11 18.2525 352.012 75 68 45
43.0256 335.254 397.479 490.375 221 222 216
60.1577 195.522 14.585 170.72 236 242 244
63.6024 471.007 50.0165 453.954 38 47 54
63.9871 184.552 17.8013 158.45 236 241 244
66.9881 224.068 22.7686 201.897 246 246 248
68.3878 220.093 25.0996 197.449 114 143 141
69.4101 186.342 24.1759 161.427 254 254 253
70.1557 281.981 27.282 262.19 62 64 66
70.1557 281.981 27.282 262.19 62 64 66
70.4028 459.762 52.5412 443.057 28 35 24
74.0936 221.954 30.7408 199.011 68 88 80
74.6565 214.022 31.509 190.91 255 255 255
74.7178 227.621 32.1312 205.491 229 231 234
75.3263 438.553 56.856 422.529 40 44 42
79.4591 448.415 58.5225 432.168 23 26 20
79.511 194.447 36.3025 170.408 227 236 239
79.7872 280.143 39.3326 260.66 64 72 80
80.1147 197.984 37.1088 174.086 100 92 77
80.5647 191.22 37.0963 167.092 118 125 123
81.1379 456.684 60.9956 440.148 28 29 24
81.3717 587.678 498.583 115.987 154 181 200
81.7159 293.427 41.9226 274.337 225 224 227
82.5343 202.578 38.9738 179.01 94 97 80
82.9468 307.341 43.4828 287.627 28 36 38
84.1272 207.403 42.0087 184.528 79 91 82
84.77 290.508 44.6372 271.137 39 52 52
84.7715 230.465 42.8394 208.692 230 233 233
84.7715 230.465 42.8394 208.692 230 233 233
85.1741 193.887 42.8895 170.28 249 251 251
85.6213 213.786 43.4867 191.131 116 140 151
87.3679 295.509 48.1031 277.069 27 39 42
87.7975 468.279 74.2368 451.141 59 68 74
87.7975 468.279 274.607 184.416 59 68 74
88.701 201.444 46.7422 178.126 254 254 254
88.7858 232.837 47.1899 211.397 242 244 245
89.6207 218.468 47.8875 196.202 254 255 255
90.6971 225.207 49.336 203.336 61 87 82
90.9242 242.938 426.391 483.183 47 61 58
92.199 303.919 52.8856 285.072 224 225 230
93.5028 298.337 54.431 279.38 30 44 46
93.7 235.819 52.6387 214.51 229 231 235
93.9242 239.015 53.2332 218.04 239 240 244
94.124 272.56 54.6624 252.8 101 120 123
94.5806 206.66 53.4938 184.821 255 255 255
94.6263 207.192 53.4938 184.821 255 255 255
94.8855 221.773 53.6853 199.975 213 230 236
94.943 211.973 53.898 189.862 77 91 79
95.8664 294.04 57.117 275.312 253 253 253
96.0703 282.191 56.6972 263.183 254 254 254
97.0813 269.471 57.3922 249.944 235 235 237
98.4299 275.355 59.3869 256.17 245 246 246
98.5977 306.655 61.4998 288.941 45 56 50
98.9795 470.88 84.7223 453.608 39 49 57
99.1381 231.555 58.822 210.529 112 110 105
99.6455 279.918 60.5981 261.072 49 63 59
99.726 242.507 60.3559 222.202 51 67 66
99.8708 266.064 60.169 246.325 40 47 53
100.584 285.609 60.9691 266.937 239 239 242
101.972 269.063 62.3251 249.429 246 247 248
102.545 209.284 5.35733 155.424 255 255 255
102.821 243.014 64.4629 223.028 60 75 73
103.736 293.076 63.733 274.256 255 255 254
104.777 212.928 64.8209 191.391 77 90 87
105.56 219.196 65.8355 197.812 146 166 179
105.56 219.196 65.8355 197.812 146 166 179
105.73 224.154 65.3666 202.842 255 255 255
106.635 301.751 65.3014 282.385 34 45 46
108.032 272.299 69.1651 253.021 242 243 243
108.126 230.025 68.9999 209.416 75 90 85
108.464 240.102 69.908 220.186 233 234 237
109.629 538.602 134.474 511.52 100 114 123
109.629 538.602 134.474 511.52 100 114 123
109.79 299.826 68.7222 280.35 184 191 187
110.865 265.856 72.1633 246.242 82 104 106
112.082 236.535 73.6505 216.086 254 255 255
112.81 554.889 140.941 524.081 112 134 147
114.486 266.166 76.0649 246.872 63 78 80
115.733 274.689 77.547 255.967 64 80 80
116.631 450.477 101.195 434.292 76 97 117
117.297 445.675 101.373 429.493 109 138 162
118.46 553.344 145.978 523.036 121 143 157
119.734 257.727 82.286 238.647 48 63 63
120.34 241.347 82.4595 221.513 255 255 254
121.082 247.214 83.1611 228.003 254 254 254
121.183 251.675 83.9627 232.096 253 254 254
122.102 228.967 82.2945 207.443 255 255 255
125.132 265.966 88.0002 247.302 255 255 254
126.827 273.263 89.6586 254.694 85 98 97
126.827 273.263 89.6586 254.694 85 98 97
126.853 258.595 89.8777 239.788 65 84 85
126.853 258.595 89.8777 239.788 65 84 85
131.29 463.859 116.02 446.87 17 22 24
133.76 466.555 119.148 449.55 56 71 80
138.073 360.223 716.698 443.224 62 62 65
141.643 464.346 124.773 447.369 25 33 17
146.742 461.955 129.943 445.19 22 30 15
147.094 271.155 113.291 253.267 255 255 255
147.54 299.107 115.252 281.702 114 108 91
152.569 466.051 137.129 449.249 54 60 43
156.468 292.205 757.183 589.458 252 253 253
157.133 465.798 140.952 449.05 50 56 40
157.638 295.414 125.48 278.049 101 92 71
159.441 461.621 141.792 444.902 16 23 16
169.784 288.532 137.533 272.597 83 88 95
175.996 342.731 148.608 328.377 77 71 31
183.425 379.126 157.432 360.929 21 31 32
183.772 320.388 156.304 305.999 62 71 38
184.275 450.844 161.936 435.009 32 40 35
188.87 465.797 172.11 448.936 49 51 39
193.65 277.985 165.209 261.657 31 48 53
193.84 466.428 177.376 449.568 19 22 27
197.145 462.795 180.587 446.053 41 48 32
202.614 470.954 204.313 455.471 109 130 147
203.711 284.072 176.61 269.909 36 51 55
203.839 332.977 177.135 319.352 40 49 54
204.248 374.139 178.102 360.985 37 46 48
204.602 305.121 178.113 290.545 101 107 111
205.068 359.584 179.304 345.574 30 36 38
205.821 355.398 180.08 341.387 63 81 101
205.821 355.398 180.08 341.387 63 81 101
206.329 309.53 179.706 295.931 32 41 48
206.949 468.502 192.265 451.574 103 126 141
207.837 368.285 181.269 354.232 48 52 55
209.614 329.58 183.781 315.768 70 94 116
209.64 470.722 194.811 453.477 30 37 49
209.64 470.722 194.811 453.477 30 37 49
209.994 352.263 184.369 338.623 43 48 54
210.634 384.915 185.36 370.904 48 70 87
211.002 297.484 185.444 283.045 79 80 84
213.121 468.583 197.913 451.67 103 127 143
213.51 358.923 188.165 345.22 48 71 89
213.51 358.923 188.165 345.22 48 71 89
213.757 326.804 187.937 312.844 48 74 98
214.059 382.559 189.059 368.557 26 38 45
215.889 294.174 190.62 279.901 254 253 241
216.505 355.335 191.586 341.833 25 32 36
216.505 355.335 191.586 341.833 25 32 36
216.843 302.881 191.527 289.232 54 58 65
217.536 350.714 192.631 336.956 61 77 93
217.925 272.996 191.963 259.606 120 128 130
218.003 472.794 204.313 455.471 109 130 147
219.221 335.65 194.243 322 70 90 108
219.919 258.062 194.017 244.419 173 178 166
220.314 294.634 194.983 281.082 88 88 90
220.452 316.357 195.744 303.085 104 109 108
221.773 335.157 196.819 321.503 54 58 66
221.894 323.312 196.827 310.32 71 97 120
222.743 198.258 195.002 182.695 255 255 255
222.846 382.201 185.36 370.904 58 81 103
222.846 382.201 198.698 368.339 58 81 103
224.43 468.816 210.893 452.061 106 129 146
224.611 230.411 198.52 217.71 192 199 200
225.194 289.434 200.554 275.889 95 94 94
225.501 537.351 235.345 510.626 134 156 171
226.301 266.508 201.24 253.32 58 93 121
226.824 379.737 202.938 365.402 20 31 36
227.061 474.949 213.767 457.277 17 18 29
227.305 233.973 201.911 220.748 107 112 119
227.59 198.046 199.965 183.083 125 145 175
227.668 226.059 201.888 213.199 125 123 127
228.105 430.695 205.556 414.938 42 46 50
228.33 463.71 215.06 447.528 13 16 22
228.705 341.682 205.074 328.114 92 90 90
228.93 274.43 204.241 261.405 232 226 207
230.032 350.383 205.72 337.696 22 27 33
230.486 314.854 206.25 301.64 160 161 144
231.049 255.507 205.925 242.392 163 167 162
231.127 468.981 217.639 451.923 108 129 145
232.215 266.199 207.551 253.214 215 213 197
232.88 246.895 207.898 233.925 174 179 179
233.296 570.667 254.414 535.158 76 90 101
233.32 218.784 207.87 206.115 156 153 152
233.502 236.997 208.681 223.88 255 255 255
235.41 363.87 212.14 350.725 60 61 65
235.518 185.525 208.071 171.311 165 205 229
236.518 338.744 212.842 325.192 54 56 61
236.943 218.266 212.138 205.238 252 252 251
237.038 378.96 213.682 365.601 68 91 109
237.038 378.96 213.682 365.601 68 91 109
237.271 288.01 212.977 276.006 81 106 124
237.536 381.909 214.377 368.405 46 48 52
241.034 412.542 217.042 398.207 14 22 24
241.23 409.384 219.182 394.781 46 48 53
241.591 375.322 202.938 365.402 29 42 42
241.692 278.429 217.956 266.071 115 120 121
241.693 223.775 217.304 210.941 229 224 217
243.365 316.005 219.898 303.849 113 113 109
243.692 333.012 220.893 320.245 75 76 80
243.881 285.136 220.09 273.428 26 32 44
243.881 285.136 220.09 273.428 26 32 44
244.008 355.416 220.589 340.699 33 51 52
244.12 344.851 221.101 332.207 28 37 40
244.15 179.345 217.903 165.556 255 255 255
244.19 256.862 273.461 225.369 254 254 254
244.266 338.326 221.428 325.277 164 160 138
244.266 338.326 221.428 325.277 164 160 138
244.737 309.983 221.473 297.692 122 123 115
245.445 213.023 221.119 200.105 167 163 162
245.624 450.326 234.116 435.011 20 28 30
245.666 248.279 221.15 235.563 186 184 179
245.844 295.9 222.211 283.759 119 126 127
246.522 182.404 219.815 168.191 129 162 192
246.768 239.284 222.686 226.024 213 211 205
247.574 468.731 235.187 451.863 101 126 142
247.931 218.479 224.011 205.698 255 255 253
248.005 460.547 235.989 444.636 73 91 97
248.802 417.414 225.973 402.863 16 25 26
248.894 453.546 236.984 438.081 86 108 123
248.894 453.546 236.984 438.081 86 108 123
249.873 480.928 301.952 476.378 21 24 34
249.873 480.928 301.952 476.378 21 24 34
250.123 292.705 226.946 281.265 96 117 136
250.367 373.295 227.922 360.234 54 57 61
250.372 284.154 226.953 272.339 101 115 127
250.372 284.154 226.953 272.339 101 115 127
250.748 261.087 227.124 249.16 98 102 111
251.579 367.04 172.106 359.523 57 63 72
252.358 269.942 229.598 257.857 171 169 153
252.358 269.942 229.598 257.857 171 169 153
253.609 375.135 231.135 362.304 71 96 113
253.609 375.135 231.135 362.304 71 96 113
253.708 314.225 230.502 302.787 57 61 70
254.738 221.713 230.736 210.372 40 51 69
254.789 199.196 230.871 187.681 112 118 127
254.97 332.729 232.534 320.643 59 63 71
255.303 461.471 243.312 445.787 83 108 122
256.165 272.151 233.154 260.894 127 135 136
256.406 216.53 232.723 205.405 147 140 141
257.372 204.409 233.793 192.663 238 235 227
257.428 536.933 262.44 509.96 132 155 171
258.303 328.473 235.634 316.999 85 90 98
259.166 222.416 235.244 211.534 254 254 253
259.207 317.752 236.627 306.41 83 88 94
259.845 259.809 237.095 248.231 227 224 208
259.875 439.825 237.961 424.326 35 60 61
261.342 234.763 237.959 222.94 254 253 250
261.724 338.465 239.195 327.045 24 34 37
261.842 223.932 238.539 212.377 255 255 253
261.842 223.932 238.539 212.377 255 255 253
261.937 438.012 240.672 422.83 33 57 59
262.15 322.133 239.773 310.953 82 92 101
262.15 322.133 239.773 310.953 82 92 101
262.393 172.939 236.404 159.312 253 253 253
263.428 429.903 241.907 414.833 33 58 59
263.805 202.485 240.1 191.864 254 254 253
263.811 352.959 241.444 340.99 68 74 80
263.931 320.814 241.649 309.534 79 99 121
263.997 272.639 241.189 261.931 123 133 139
264.464 469.435 251.28 452.878 52 60 68
266.064 538.013 270.517 509.9 131 155 167
266.381 406.65 244.797 392.865 53 56 61
266.446 272.322 243.846 261.988 122 132 141
266.964 322.742 244.896 311.739 60 66 77
267.234 343.686 245.357 330.895 89 91 94
268.353 242.552 246.174 231.579 216 203 196
268.704 410.941 247.201 397.03 14 25 27
268.822 473.481 258.995 457.197 55 64 73
269.051 302.716 246.769 292.197 67 72 85
270.349 445.168 248.908 429.716 11 18 20
270.906 207.19 247.727 197.461 41 49 68
270.906 207.19 247.727 197.461 41 49 68
271.055 343.682 249.313 330.872 74 78 86
271.055 343.682 249.313 330.872 74 78 86
271.083 440.907 249.457 425.847 37 65 68
271.083 440.907 249.457 425.847 37 65 68
271.292 249.643 249.434 238.942 137 129 127
271.467 346.118 249.877 334.602 64 67 76
272.422 193.973 250.183 182.8 252 252 249
272.672 479.001 262.529 462.1 115 138 154
273.12 327.538 251.367 316.515 63 67 76
273.476 232.641 250.654 222.48 255 255 255
274.921 247.549 253.065 237.07 252 251 250
275.009 179.576 253.002 168.881 199 196 194
275.268 320.026 253.444 309.167 64 68 78
275.987 207.448 253.127 197.95 253 253 253
276.705 487.888 265.978 468.879 21 23 32
276.993 227.161 254.681 217.336 210 210 213
277.848 327.094 256.625 315.962 83 89 98
278.589 252.968 256.787 243.181 138 153 161
278.595 263.081 256.33 254.133 37 51 56
278.942 241.742 257.498 231.683 211 210 207
279.405 304.144 257.998 293.406 112 116 122
279.628 404.942 258.739 391.459 59 65 70
280.004 293.588 258.092 283.615 108 118 125
280.324 236.586 256.745 221.144 179 185 192
281.206 331.779 259.724 320.937 29 41 43
281.83 472.972 241.804 452.083 60 69 80
281.951 272.427 259.998 262.939 150 158 160
282.077 389.779 261.082 377.094 69 73 80
283.414 249.982 262.297 239.097 81 86 100
283.56 373.89 261.845 362.387 75 79 88
284.671 344.991 263.762 333.871 88 97 107
284.885 336.373 263.462 325.568 87 103 114
285.947 547.628 291.347 518.009 97 112 126
287.077 326.185 265.748 315.57 93 102 112
287.181 557.973 296.121 525.946 95 110 121
288.167 411.88 266.595 398.092 92 113 114
288.461 554.605 295.819 523.15 66 73 84
288.461 554.605 295.819 523.15 66 73 84
289.397 270.855 267.98 262.026 124 133 141
289.487 190.966 267.475 182.512 61 80 100
289.487 190.966 267.475 182.512 61 80 100
289.662 258.447 268.623 248.993 246 240 221
289.827 298.386 268.638 289.036 108 118 126
290.636 473.962 278.422 457.202 48 54 65
291.014 255.255 270.673 245.152 254 249 234
291.268 172.112 269.416 163.438 184 186 185
292 228.662 270.799 219.307 141 137 142
292.331 183.476 270.684 174.469 210 210 205
292.331 183.476 270.684 174.469 210 210 205
293.426 267.921 272.053 259.444 145 153 157
294.117 294.564 272.989 285.302 80 98 123
294.204 234.92 273.461 225.369 252 252 250
294.655 285.224 273.22 275.881 80 99 123
295.085 278.94 273.721 269.894 82 100 124
296.293 193.109 274.607 184.416 253 253 253
296.293 193.109 274.607 184.416 253 253 253
296.648 316.556 275.149 306.699 85 106 127
296.648 316.556 275.149 306.699 85 106 127
297.421 374.733 275.992 362.731 70 79 95
297.787 257.868 549.507 390.94 81 95 121
299.088 462.629 281.728 446.331 29 39 26
299.859 489.95 291.951 471.628 114 137 150
300.005 234.924 278.834 226.421 84 104 129
300.193 176.073 278.977 167.516 229 230 232
300.955 225.927 279.969 217.604 84 104 130
301.965 472.64 286.294 455.305 37 43 51
302.121 517.039 298.278 493.699 128 120 99
303.225 184.717 281.929 176.969 91 107 135
305.787 319.554 284.133 309.579 82 100 121
305.821 163.513 284.195 155.927 93 111 141
306.149 416.444 283.699 402.58 56 53 37
306.833 397.126 284.963 384.152 49 51 60
307.774 485.946 262.529 462.1 119 140 154
309.323 209.881 287.814 202.065 98 121 149
309.716 153.124 286.402 142.21 96 119 150
310.104 394.166 288.458 381.429 134 159 175
310.104 394.166 288.458 381.429 134 159 175
310.549 326.844 288.76 316.814 88 103 123
310.549 326.844 288.76 316.814 88 103 123
312.183 496.54 301.952 476.378 17 21 30
312.974 478.48 303.083 461.521 12 16 22
314.618 464.162 303.724 447.153 12 15 19
314.856 458.135 304.303 442.234 11 13 18
317.461 478.518 241.804 452.083 68 82 93
317.692 587.833 187.777 586.019 89 103 112
318.459 488.611 307.189 470.05 120 141 157
318.586 229.585 297.021 221.874 79 99 124
318.637 411.98 296.648 398.329 17 23 25
319.08 469.314 271.802 448.985 95 116 132
320.569 146.971 293.384 138.911 255 255 255
320.79 147.674 293.384 138.911 255 255 255
321.128 181.934 299.41 174.389 101 125 154
322.772 216.181 300.924 208.514 98 122 149
323.077 238.417 301.01 230.502 80 100 124
323.077 238.417 301.01 230.502 80 100 124
323.17 185.561 301.453 178.046 83 103 131
323.17 185.561 301.453 178.046 83 103 131
324.336 522.282 319.041 497.984 73 87 98
324.763 465.602 288.419 447.16 33 41 32
325.667 296.152 303.568 287.221 90 112 134
327.977 429.953 301.764 415.165 11 12 14
328.49 412.446 310.932 399.274 18 26 24
328.496 533.97 324.2 507.702 86 88 92
328.839 154.17 304.636 145.625 144 191 218
329.125 269.638 306.706 261.366 97 117 141
330.039 255.567 308.092 247.631 95 116 143
331.53 450.966 515.559 255.009 56 65 56
331.939 184.468 310.964 175.731 97 122 152
332.23 480.892 316.371 462.522 84 94 101
332.348 206.674 310.179 199.192 92 114 142
334.13 185.451 312.185 178.187 101 127 157
334.13 185.451 312.185 178.187 101 127 157
334.661 533.039 324.2 507.702 84 82 81
335.347 223.498 313.047 215.95 77 96 121
335.49 244.791 313.18 237.099 94 117 141
336.262 475.764 320.029 457.995 35 38 41
336.31 128.978 311.054 119.528 255 255 255
336.466 485.03 320.906 466.154 55 61 69
336.706 412.791 317.658 399.432 28 32 27
337.599 454.183 325.439 438.241 66 67 50
339.62 466.73 322.683 449.838 28 41 24
339.776 143.036 315.982 132.93 252 252 252
339.829 225.451 317.333 218.029 80 99 125
342.047 145.487 342.879 127.418 113 131 158
343.263 417.621 323.819 404.121 18 23 21
343.986 241.405 321.483 234.02 100 127 154
343.986 241.405 321.483 234.02 100 127 154
344.432 221.88 321.404 214.725 84 104 129
345.634 466.953 327.844 449.943 32 47 28
345.66 536.859 339.329 510.045 94 111 123
347.37 139.595 236.404 159.312 254 253 254
348.036 480.684 330.523 462.225 53 57 65
348.474 482.136 330.944 463.381 56 60 68
348.497 242.428 325.876 234.867 100 126 153
348.721 283.829 325.678 275.454 83 102 127
349.478 368.121 326.167 362.398 115 92 53
349.88 142.501 351.316 124.541 112 138 167
351.409 240.478 328.419 232.805 84 105 133
352.202 184.093 329.729 176.972 100 122 151
352.383 192.321 329.744 185.263 100 123 149
352.946 259.57 330.044 251.832 117 167 201
354.331 257.49 349.375 262.326 118 167 199
355.352 454.094 335.963 438.076 67 69 51
359.225 461.986 340.068 445.356 51 63 43
360.051 535.94 351.228 509.195 92 107 118
360.366 196.054 337.527 189.181 63 69 83
360.439 467.287 327.844 449.943 21 32 17
364.159 249.242 340.845 243.486 120 166 199
366.181 529.395 356.032 503.892 34 39 44
368.002 92.7362 345.128 85.2581 244 255 255
368.22 182.705 346.156 176.927 87 107 129
368.736 498.306 352.773 478.098 120 141 156
368.771 498.459 352.773 478.098 120 141 156
369.286 587.357 526.707 586.158 87 101 111
369.329 534.107 358.935 507.663 92 108 117
371.197 169.381 347.11 162.2 235 245 249
371.661 274.163 349.375 262.326 141 171 200
371.718 261.357 349.532 256.322 124 169 202
372.238 140.362 350.334 131.657 221 231 239
372.542 469.852 352.875 452.857 67 85 103
372.542 469.852 352.875 452.857 67 85 103
372.597 204.6 349.837 198.099 113 161 192
373.113 469.189 353.208 452.168 90 114 129
374.456 234.42 350.914 227.352 117 164 200
374.471 239.16 350.887 232.087 112 162 194
376.105 276.038 352.162 268.329 71 84 108
377.051 267.273 353.044 259.677 86 101 126
377.15 237.418 353.704 230.457 79 102 127
378.07 225.433 354.601 218.497 77 94 118
378.623 206.808 355.293 200.111 82 92 114
378.692 467.004 358.243 449.901 30 42 26
382.075 202.364 358.813 195.876 101 122 143
382.163 428.664 359.486 414.886 19 24 22
382.484 502.316 369.708 480.619 148 168 179
383.582 475.492 363.312 457.722 25 29 33
383.736 455.846 361.076 439.969 67 75 68
386 253.063 362.002 245.923 74 90 115
386.128 519.038 373.086 495.098 39 45 53
388.428 175.664 364.521 169.165 221 235 240
390.285 480.176 387.532 464.925 34 41 51
391.32 406.467 368.567 394.907 50 52 34
391.489 238.284 367.054 231.037 89 108 130
392.69 198.833 368.947 192.45 95 110 128
394.053 184.519 370.926 178.51 106 123 138
395.035 513.152 380.904 489.773 148 168 178
395.035 513.152 380.904 489.773 148 168 178
398.456 491.065 384.698 471.151 129 151 165
399.165 150.417 375.52 143.954 165 197 220
400.382 170.279 375.005 163.39 174 212 229
400.52 521.2 387.17 496.464 31 35 37
400.52 521.2 387.17 496.464 31 35 37
401.528 504.903 387.422 482.787 14 17 22
402.465 529.893 515.307 180.875 78 87 91
403.499 136.307 406.087 124.634 179 207 221
403.992 151.786 380.385 145.342 160 188 202
404.363 435.982 377.391 422.077 45 78 87
404.474 459.47 380.781 442.661 19 28 20
405.096 406.512 381.395 395.145 87 73 31
405.602 512.914 391.611 489.362 140 155 168
406.822 200.849 383.255 193.64 123 132 132
408.975 497.272 394.461 475.935 20 25 31
409.054 511.279 394.729 487.829 155 158 166
409.681 587.318 526.707 586.158 92 106 114
410.718 440.505 383.212 427.717 19 22 23
410.813 257.965 384.522 249.519 63 79 99
413.484 184.292 389.352 178.38 172 209 224
415.867 508.039 401.046 485.405 13 16 24
417.352 463.107 393.378 446.508 43 56 36
417.575 193.905 393.16 188.158 33 48 73
417.671 415.075 393.783 402.965 27 30 25
417.671 415.075 393.783 402.965 27 30 25
417.869 279.066 392.068 271.656 78 132 147
417.914 252.488 392.975 245.821 74 132 151
419.39 499.275 403.262 477.544 21 25 30
419.39 499.275 403.262 477.544 21 25 30
421.061 218.238 395.96 212.086 83 137 153
421.106 194.955 396.556 189.351 110 168 203
421.248 418.911 396.431 406.403 82 78 31
421.441 274.816 395.245 267.921 45 70 90
422.395 150.29 398.51 144.93 178 208 221
423.184 427.425 398.415 413.665 25 28 19
424.554 286.773 398.153 279.529 124 177 192
424.595 522.089 406.6 497.254 61 73 81
424.761 414.802 399.641 402.393 15 18 22
424.761 414.802 399.641 402.393 15 18 22
424.871 271.125 398.56 265.018 78 136 166
424.971 256.063 398.826 249.61 77 134 164
425.271 250.56 399.189 244.47 99 163 187
427.66 252.906 401.463 246.844 28 44 63
427.669 273.924 401.054 267.302 29 45 59
427.669 273.924 401.054 267.302 29 45 59
427.669 273.924 401.054 267.302 29 45 59
427.957 199.228 403.345 194.345 111 167 204
429.723 447.566 401.153 432.054 17 23 24
430.372 294.367 403.621 285.232 36 57 76
430.924 502.338 414.44 479.85 16 15 22
431.606 427.841 405.619 414.098 51 56 32
431.907 424.089 406.603 410.622 22 25 24
432.027 507.222 415.135 484.281 66 83 95
432.042 271.852 405.275 265.324 38 61 84
432.143 161.146 408.512 156.771 194 222 228
432.201 213.675 407.125 208.224 140 186 215
432.341 253.497 405.324 247.921 55 94 118
432.916 141.441 381.383 144.985 156 175 189
433.426 518.279 416.521 493.49 36 47 57
435.295 106.121 392.588 108.106 249 252 252
435.864 475.129 416.658 457.348 18 23 30
436.731 489.261 420.152 468.596 27 31 34
437.184 489.799 420.152 468.596 27 31 34
440.523 427.646 414.175 413.872 39 46 29
440.751 356.642 413.693 351.82 34 55 68
441.076 266.107 414.433 259.787 156 191 213
441.377 244.909 415.491 238.549 163 200 223
442.094 138.274 418.405 133.88 130 159 181
442.297 497.48 424.235 475.927 109 140 163
444.01 283.935 417.601 276.984 187 212 226
444.157 505.166 426.391 483.183 5 8 13
445.089 451.771 415.433 436.899 36 48 49
445.295 102.192 392.588 108.106 243 252 253
445.699 420.327 418.798 407.864 15 19 22
449.862 448.896 419.87 434.136 10 14 19
451.018 497.537 431.974 475.872 6 9 14
451.48 139.137 427.372 135.531 148 188 209
457.127 451.069 426.474 435.55 10 13 19
457.3 277.121 431.082 270.569 187 215 229
457.391 410.246 430.334 398.33 73 70 29
457.717 446.095 427.248 430.878 10 13 18
459.259 441.423 428.786 426.447 10 13 18
461.753 417.416 433.952 404.62 14 17 21
461.753 417.416 433.952 404.62 14 17 21
462.149 118.754 441.062 114.411 156 189 204
462.858 469.238 437.438 452.748 49 72 70
463.173 516.497 441.836 491.924 10 13 18
464.578 374.135 433.543 363.088 22 30 33
464.608 149.075 439.319 146.31 193 224 227
464.695 438.761 433.929 424.119 25 30 36
464.892 165.029 440.072 161.643 110 152 185
466.472 94.2106 392.588 108.106 237 246 245
466.742 269.128 417.968 266.27 173 204 221
466.858 407.932 438.612 395.98 80 74 35
466.881 161.811 441.925 158.596 221 231 233
467.452 301.651 472.349 277.984 185 200 211
467.786 334.369 422.472 265.436 149 183 205
467.843 373.77 438.016 363.57 126 175 194
467.916 338.675 417.968 266.27 141 177 197
472.513 518.102 450.022 493.367 75 81 86
473.575 162.181 448.197 159.369 113 151 180
474.448 157.756 449.249 154.791 150 191 211
474.475 237.94 447.656 233.665 163 200 222
474.959 275.782 447.58 271.831 177 210 225
474.966 270.32 447.643 264.421 166 205 220
475.111 259.159 448.024 253.658 171 200 214
475.128 474.755 451.009 456.52 75 121 134
475.138 248.448 448.191 243.251 166 197 213
475.391 560.764 455.55 526.316 74 88 98
475.496 181.694 449.975 178.109 139 180 207
475.611 291.618 447.634 284.342 198 211 210
475.881 89.8523 451.826 87.9093 223 233 235
476 416.135 447.226 404.028 13 14 20
478.313 463.321 453.916 446.46 30 44 46
478.843 92.5484 454.822 90.6704 53 97 146
478.965 520.925 455.377 495.954 51 52 54
479.821 162.051 454.347 158.988 47 107 157
480.324 176.108 454.498 173.407 46 81 127
480.793 462.601 453.916 446.46 30 42 46
481.542 131.666 456.662 129.377 76 150 185
481.994 164.124 456.577 161.742 49 113 163
482.067 158.66 456.683 156.348 86 160 192
482.258 126.976 457.268 124.825 47 102 148
482.424 559.04 461.174 524.899 73 87 100
482.503 202.561 456.662 129.377 97 166 196
482.549 146.031 457.354 144.247 74 147 185
482.668 180.233 456.706 177.526 72 138 189
482.93 194.919 456.685 191.975 81 144 191
483.469 515.625 459.597 491.849 8 10 15
483.587 586.764 757.183 589.458 98 109 118
483.793 268.602 456.11 263.598 138 181 209
484.039 277.806 456.207 272.588 147 185 213
484.059 95.3853 459.828 93.5083 49 72 106
484.537 289.106 456.485 282.219 161 179 193
484.803 315.638 456.11 263.598 125 172 202
484.897 262.496 456.967 325.892 123 171 198
485.854 478.937 461.633 460.657 15 25 36
485.912 199.041 459.562 196.068 46 72 109
486.13 459.814 458.983 443.685 27 40 46
486.891 243.361 459.49 239.321 41 58 84
486.942 109.916 456.973 95.0819 83 140 182
487.238 355.615 458.5 345.332 123 95 76
488.013 162.161 462.407 159.694 107 166 198
488.022 181.943 461.995 179.293 100 155 191
488.154 312.968 459.305 306.22 36 48 75
488.71 526.645 463.532 500.745 7 8 12
489.707 246.965 462.147 242.826 136 174 202
490.055 264.101 461.979 259.423 139 176 204
490.136 241.962 462.641 237.905 160 195 218
491.021 311.586 461.935 304.933 126 170 201
491.023 482.047 465.687 462.804 10 13 21
491.036 286.977 462.423 280.494 168 182 198
491.237 316.108 462.472 309.668 131 172 200
491.603 339.485 461.792 330.967 106 157 195
492.075 334.446 462.045 326.893 129 176 206
492.158 140.426 466.64 138.305 97 163 195
492.237 586.438 526.707 586.158 84 97 105
493.779 190.158 467.441 187.581 73 146 189
494.03 210.544 466.675 206.484 134 184 211
495.021 238.349 467.337 235.087 159 193 218
495.702 163.736 469.614 161.772 100 166 198
495.903 469.734 472.109 450.95 130 132 107
495.943 257.989 467.828 252.933 136 175 204
496.226 277.481 467.685 272.354 156 192 218
497.097 463.885 472.904 445.911 16 25 40
497.496 323.351 467.685 272.354 144 178 205
497.632 355.724 467.017 344.547 121 82 61
497.974 424.588 467.113 411.181 10 11 16
498.691 383.058 467.515 373.346 108 105 89
498.848 186.618 471.882 184.035 70 143 186
498.902 103.507 487.482 109.655 45 73 108
500.12 280.726 470.722 274.802 154 189 217
500.159 366.571 471.784 356.703 154 113 83
500.346 156.446 473.702 154.01 49 92 129
500.348 272.687 472.314 266.904 150 187 212
500.595 327.265 470.137 319.107 128 172 204
500.628 272.335 472.314 266.904 144 180 204
500.961 283.364 472.349 277.984 153 187 216
500.984 267.025 472.079 198.835 137 172 200
501.628 204.658 474.311 201.814 53 76 106
502.545 336.167 472.432 328.812 119 171 204
502.819 336.513 472.432 328.812 115 171 203
502.993 455.789 473.866 440.186 58 77 94
503.511 269.769 474.616 265.092 59 83 107
503.511 269.769 474.616 265.092 59 83 107
503.671 142.528 477.548 140.492 93 157 191
504.057 181.638 477.165 179.92 68 119 171
504.069 105.95 478.172 103.798 63 104 147
504.661 168.298 477.779 166.312 99 165 195
504.661 168.298 477.779 166.312 99 165 195
504.765 316.564 474.722 309.622 40 56 79
504.765 316.564 474.722 309.622 40 56 79
504.987 190.185 477.676 187.479 81 144 186
505.659 211.122 477.815 207.804 101 167 199
505.914 126.834 480.434 124.236 65 129 180
506.716 246.606 478.012 242.791 152 190 216
506.716 246.606 478.012 242.791 152 190 216
506.809 133.316 480.535 130.98 43 76 94
506.809 133.316 480.535 130.98 43 76 94
506.896 253.695 477.992 249.125 128 171 201
507.253 267.742 478.018 263.28 129 170 201
507.487 274.91 478.041 269.645 148 189 214
508.553 314.095 478.182 307.805 120 165 195
508.95 321.211 478.279 313.591 137 178 203
509.39 139.943 483.141 138.271 32 52 69
509.529 208.339 481.444 205.423 31 53 70
510.009 244.753 480.933 241.267 68 120 137
510.287 251.142 481.185 247.016 27 39 56
510.4 145.434 483.941 143.575 69 117 128
510.415 177.498 483.165 175.084 27 39 55
511.176 272.567 481.238 267.596 33 54 67
511.293 208.23 483.182 205.462 31 53 71
511.435 171.693 484.279 169.498 68 117 130
511.861 289.546 481.541 283.622 28 40 56
512.138 318.5 481.19 311.494 21 32 48
512.806 213.962 484.493 210.752 67 116 126
513.049 111.157 487.482 109.655 51 77 114
513.868 249.387 484.831 245.506 62 114 131
513.911 462.399 485.561 445.928 35 70 96
514.152 292.328 483.969 286.622 29 38 55
514.796 238.555 485.906 234.503 54 100 117
514.902 277.139 484.907 272.114 58 107 120
515.117 210.77 486.76 207.822 31 50 66
515.441 286.963 485.168 281.514 60 111 128
515.454 191.026 487.446 188.507 28 43 61
516.816 252.98 487.385 248.933 23 34 52
516.816 252.98 487.385 248.933 23 34 52
517.332 175.243 489.968 172.773 85 125 146
517.395 274.408 487.392 269.518 27 39 55
517.594 345.677 485.948 337.215 71 68 48
517.82 475.903 488.928 457.274 88 79 55
519.331 145.71 492.484 143.994 29 45 64
519.411 349.143 487.273 340.692 24 31 37
519.651 319.913 488.26 312.933 24 32 50
519.836 115.288 493.748 113.958 50 77 110
520.01 342.791 488.007 334.518 24 36 50
520.357 251.076 490.793 247.333 73 110 132
520.504 464.676 491.181 447.774 25 40 65
521.078 193.422 492.994 191.011 23 36 54
521.454 385.778 488.455 374.891 32 45 51
521.51 470.039 492.006 452.237 59 43 37
521.88 391.484 489.01 380.213 16 24 33
521.88 391.484 489.01 380.213 16 24 33
523.165 475.07 493.381 456.853 38 35 27
523.165 475.07 493.381 456.853 38 35 27
523.336 255.247 493.448 251.064 20 31 48
523.336 255.247 493.448 251.064 20 31 48
523.43 462.402 494.011 446.047 44 90 121
524.051 276.203 493.653 271.337 23 33 50
524.487 292.321 492.604 176.191 30 45 56
524.487 292.321 492.604 176.191 30 45 56
524.903 159.989 497.751 157.923 55 64 82
524.974 117.01 498.583 115.987 223 251 255
525.704 321.325 494.096 314.377 17 28 44
525.987 132.984 499.079 131.548 52 62 80
526.388 145.766 499.19 144.429 55 64 80
526.535 343.515 494.41 335.407 21 33 43
527.606 274.394 497.133 269.435 64 86 109
528.043 180.454 499.999 178.785 48 56 75
528.133 227.468 499.2 224.401 50 61 79
528.27 170.34 500.289 168.957 49 58 74
528.419 466.48 497.977 449.315 78 118 135
528.419 466.48 497.977 449.315 78 118 135
528.591 392.276 495.061 381.156 14 22 31
528.591 392.276 495.061 381.156 14 22 31
529.318 195.909 501.043 193.632 49 58 75
529.612 264.557 499.461 260.337 47 57 71
530.401 284.754 756.015 456.942 48 56 73
531.581 279.308 500.91 274.831 46 55 72
533.165 348.815 500.612 351.811 38 45 58
533.357 301.753 501.982 295.905 40 48 60
533.673 360.973 500.612 351.811 35 42 54
534.629 354.624 501.679 346.04 35 41 53
535.019 366.339 501.445 357.129 36 42 54
535.548 376.901 502.095 366.667 33 39 51
535.666 191.956 506.929 190.156 71 84 105
536.584 554.412 505.946 521.162 102 115 123
538.654 144.537 511.007 144.153 75 88 110
538.993 113.962 635.251 188.61 98 108 134
538.993 113.962 512.357 114.189 98 108 134
539.879 180.01 511.365 178.65 70 83 105
540.424 199.519 511.443 197.83 66 80 101
540.524 193.327 511.52 191.75 71 84 104
540.983 228.848 510.887 226.129 60 75 95
541.687 216.889 511.918 214.64 64 77 99
541.777 142.445 514.022 141.886 101 126 153
542.112 205.66 512.564 203.867 76 88 111
542.634 161.413 514.408 160.567 105 130 160
542.9 233.615 512.639 230.853 69 85 105
543.201 244.627 512.574 241.595 66 79 100
543.759 250.655 512.881 247.529 65 79 97
544.02 266.776 512.789 262.944 56 69 86
544.273 182.125 515.307 180.875 103 132 160
544.448 261.869 513.214 258.13 62 75 92
544.482 208.556 514.691 206.705 105 128 156
544.791 279.291 513.271 274.83 65 77 100
545.806 296.583 513.487 291.462 57 69 88
545.945 306.092 513.569 300.62 55 67 83
546.181 240.108 515.445 237.311 108 134 161
546.313 245.728 515.57 242.709 109 136 162
546.485 463.967 514.048 448.168 23 35 53
546.626 145.337 518.593 145.251 98 122 150
546.823 258.533 515.559 255.009 103 129 152
546.985 338.195 513.792 330.859 56 64 77
547.031 316.502 514.1 310.351 58 67 82
547.089 311.593 514.497 305.598 62 73 90
547.256 265.088 515.801 261.351 105 127 151
547.397 330.336 514.191 323.4 51 61 74
547.69 350.054 513.887 341.76 45 52 62
547.693 272.441 516.135 268.511 102 127 150
548.001 340.643 514.502 332.933 53 61 73
548.21 281.147 516.21 276.692 102 127 152
548.761 376.196 514.788 366.785 42 49 59
549.402 460.797 517.45 445.405 77 106 125
549.412 305.17 516.658 299.402 99 119 140
550.426 322.346 517.1 315.876 90 105 125
550.48 328.365 516.981 321.349 90 103 119
550.728 335.839 517.077 328.338 83 94 109
551.912 329.728 518.309 322.748 89 102 117
552.012 352.63 517.861 344.467 86 99 108
552.068 343.291 517.842 335.576 89 100 113
552.155 518.354 517.131 493.906 8 9 13
552.46 126.089 524.47 125.736 97 121 152
552.652 129.575 524.501 129.411 96 118 145
552.84 319.816 519.38 313.497 96 113 133
553.322 143.405 524.655 142.942 101 125 153
553.33 135.372 524.978 134.734 102 125 155
553.576 400.105 518.139 388.783 98 99 97
553.702 391.893 518.386 380.783 119 124 114
554.067 150.845 525.451 150.353 101 125 153
556.638 401.548 520.998 390.078 54 60 70
556.648 586.485 526.707 586.158 88 101 107
557.11 456.988 520.142 441.586 28 31 35
557.384 389.842 521.806 379.219 64 70 80
557.528 229.22 526.632 226.909 101 133 161
557.546 277.063 525.015 272.835 112 138 163
557.57 472.966 522.41 455.29 25 43 72
557.578 157.525 528.857 156.975 78 142 180
557.932 468.959 523.148 451.93 69 103 135
558.638 240.954 527.074 238.053 103 130 158
558.793 189.668 528.836 188.588 97 154 189
558.8 254.396 527.016 251.387 101 125 152
559.006 246.691 527.153 243.625 95 123 152
559.214 182.432 529.318 181.274 102 152 187
559.356 261.083 527.465 257.708 97 118 143
559.711 182.226 529.656 181.042 102 152 187
559.771 266.902 527.455 263.057 103 127 153
559.842 274.666 527.366 270.693 93 112 137
559.962 210.61 529.461 208.579 91 156 193
560.3 312.795 525.353 258.604 97 115 134
560.386 283.478 527.622 278.915 96 118 139
560.986 293.227 527.988 288.291 96 116 140
562.411 405.678 526.174 394.019 34 16 28
562.633 230.211 531.343 227.998 138 192 218
562.636 251.634 530.651 248.956 147 175 196
563.425 402.377 527.058 390.79 61 69 80
563.583 273.024 349.375 262.326 151 184 205
564.309 486.592 528.388 466.848 12 15 20
564.774 281.419 531.17 276.221 153 189 206
565.018 513.853 527.991 490.806 99 127 151
565.072 310.433 531.231 304.581 144 183 203
565.328 182.421 534.757 181.228 100 153 187
565.792 508.151 529.114 485.547 80 96 103
565.804 237.359 533.493 234.467 112 167 198
566.107 316.751 349.532 256.322 142 183 201
566.146 519.064 529.002 494.768 15 19 26
566.982 246.454 534.97 242.248 141 180 196
567.177 141.436 538.622 141.371 83 97 121
567.834 162.442 538.289 161.922 73 133 182
568.779 187.479 538.213 186.434 95 151 188
568.913 194.491 538.088 193.339 91 154 191
569.39 452.581 531.967 437.571 19 22 25
570.15 221.991 538.055 219.85 97 161 196
571.121 215.289 539.333 213.281 89 153 193
571.463 157.706 541.583 157.345 87 105 126
572.231 161.145 542.925 160.958 58 68 87
572.356 513.306 534.474 490.357 53 58 62
572.398 408.496 535.491 396.903 44 50 62
573.398 254.328 540.854 251.052 152 179 200
573.575 165.745 543.422 164.978 74 140 183
574.003 218.661 541.117 190.64 70 122 167
575.028 480.242 537.989 461.649 42 42 59
575.053 190.36 544.099 189.346 84 153 192
575.496 229.264 543.052 226.693 84 138 184
575.608 450.281 537.242 435.124 19 19 18
575.995 282.596 540.854 251.052 149 188 205
576.825 312.171 542.462 307.061 154 187 204
576.914 217.046 544.961 215.359 87 154 193
577.483 223.667 544.343 196.24 97 159 200
577.701 226.495 545.581 224.708 92 154 197
578.177 194.274 546.86 193.229 66 94 131
578.449 442.99 539.964 428.538 25 25 29
578.449 442.99 539.964 428.538 25 25 29
579.526 250.281 546.402 247.401 141 178 204
579.846 302.824 545.324 297.47 130 165 191
579.919 439.074 541.629 425.328 49 51 37
579.954 256.627 547.628 280.526 143 182 203
580.034 177.681 549.117 176.96 104 133 162
580.103 494.972 541.713 474.553 95 94 103
580.103 494.972 541.713 474.553 95 94 103
580.114 220.061 547.962 218.237 70 93 126
580.862 316.547 545.719 310.652 107 142 173
581.497 278.778 546.402 247.401 155 191 210
581.936 285.493 547.628 280.526 149 184 207
581.983 285.182 547.628 280.526 149 184 207
582.581 217.635 550.424 216.033 108 135 164
582.904 482.284 544.613 463.231 207 211 216
583.8 266.501 549.943 263.031 83 97 119
583.826 314.184 548.527 308.302 149 185 208
584.234 320.845 548.68 314.563 120 176 204
584.454 492.064 545.535 472.066 17 8 14
584.602 415.719 546.872 403.493 57 64 74
584.851 282.207 550.352 277.995 78 94 117
585.042 334.984 548.743 324.839 133 183 205
586.159 507.515 546.566 485.46 39 43 45
586.325 424.367 548.178 410.855 37 40 45
586.514 441.55 547.589 427.332 65 62 24
586.514 441.55 547.589 427.332 65 62 24
586.61 247.54 553.155 244.958 111 138 165
586.976 277.958 73.5073 538.534 111 135 159
587.146 317.625 551.618 311.932 64 78 99
587.461 453.514 547.854 438.351 24 27 13
587.465 402.152 549.507 390.94 63 69 80
587.791 459.696 548.445 443.882 43 51 19
587.866 485.7 548.346 466.437 14 16 23
587.966 406.155 549.942 394.669 120 146 170
588.123 338.056 551.503 328.415 62 70 81
588.868 584.809 172.412 585.84 99 111 117
588.901 462.734 549.762 446.56 38 35 46
589.399 468.424 550.715 451.673 26 26 34
591.893 457.843 551.976 442.379 28 28 24
592.026 490.904 552.015 470.735 47 10 20
592.612 482.603 552.643 463.606 168 178 184
593.622 467.269 553.922 450.682 49 77 90
595.175 376.941 557.23 367.637 84 93 105
595.175 376.941 557.23 367.637 84 93 105
595.367 416.854 556.342 404.595 58 66 76
595.907 484.275 555.697 464.999 30 14 24
596.268 488.604 555.662 468.851 111 63 81
596.268 488.604 555.662 468.851 111 63 81
597.822 506.843 556.713 484.688 43 46 44
597.831 373.775 559.719 364.451 70 78 87
599.872 274.818 564.679 271.32 96 120 141
602.224 492.476 561.085 471.926 36 10 18
602.53 484.685 561.224 465.442 57 27 40
603.273 394.312 564.14 383.615 82 91 100
603.864 491.952 562.333 471.512 26 12 20
603.994 481.652 562.497 462.797 147 154 157
605.21 354.126 567.1 346.162 101 115 129
605.889 440.214 564.705 426.091 58 56 26
605.889 440.214 564.705 426.091 58 56 26
605.941 468.335 565.104 451.256 22 24 28
605.941 498.007 563.557 476.76 12 15 23
606.079 172.942 573.853 173.107 106 127 154
606.965 417.886 566.79 405.631 59 70 81
607.297 475.631 565.492 457.577 70 37 51
607.297 475.631 565.492 457.577 70 37 51
607.337 462.665 565.863 446.466 30 48 52
609.171 448.678 567.753 433.949 33 39 45
609.335 465.625 567.425 449.059 60 107 110
609.335 465.625 567.425 449.059 60 107 110
609.467 162.936 577.387 163.327 79 91 115
610.262 169.951 577.683 169.582 83 99 120
610.754 418.146 570.376 405.914 57 65 76
610.763 230.499 576.351 228.544 109 134 159
610.898 201.046 577.362 200.236 93 121 152
611.262 194.796 577.909 193.926 94 120 154
611.626 426.071 570.742 413.006 41 47 52
612.784 186.682 579.908 186.313 81 153 196
612.906 495.919 569.526 474.869 13 16 24
614.354 161.541 581.884 161.767 81 96 121
614.385 475.97 571.959 457.494 52 27 47
614.857 213.338 580.741 212.17 79 98 121
615.459 448.165 573.536 433.593 20 23 29
615.902 417.356 575.302 405.129 59 67 78
616.238 433.598 574.872 419.778 19 23 22
616.292 535.584 571.053 506.884 77 90 102
617.189 504.02 572.757 482.436 8 11 16
617.318 468.019 574.126 450.928 37 52 66
617.961 463.452 574.85 447.589 14 26 32
619.448 458.569 577.153 442.892 22 32 38
620.327 230.219 585.166 228.78 78 98 120
620.339 329.552 582.051 323.133 102 119 135
620.74 508.462 576.615 485.741 8 9 13
621.01 356.535 581.54 348.376 96 108 118
622.054 350.344 582.914 342.719 93 105 117
622.201 240.637 586.539 238.619 108 134 159
623.202 188.626 609.621 199.482 102 126 151
624.05 417.089 582.854 404.884 58 66 76
624.139 223.875 588.824 222.353 82 98 126
624.297 438.08 582.267 424.295 53 52 24
624.635 259.676 588.315 256.548 107 132 155
624.893 183.72 590.92 183.521 103 127 153
625.052 301.779 587.268 297.231 145 193 215
625.133 329.119 586.526 322.922 77 90 106
626.423 196.615 592.111 196.066 103 129 159
626.423 196.615 592.111 196.066 103 129 159
627.027 292.676 589.602 288.601 105 129 147
627.027 292.676 589.602 288.601 105 129 147
627.182 205.848 612.513 215.927 105 130 160
627.953 212.957 592.929 212.004 111 140 168
628.098 357.544 588.105 349.19 97 106 117
628.668 336.111 589.499 329.592 74 85 97
631.011 237.107 594.922 235.117 109 135 162
631.011 237.107 594.922 235.117 109 135 162
631.436 249.347 594.91 246.41 129 186 214
632.868 273.096 629.591 333.174 89 102 123
632.944 499.827 586.854 478.644 59 66 73
633.57 268.923 596.225 265.621 183 211 223
633.846 491.998 587.649 471.525 54 67 73
633.859 211.47 598.525 210.684 88 106 130
634.165 241.03 597.821 239.061 109 133 154
634.906 476.082 589.033 457.903 78 66 103
634.93 456.208 590.4 440.508 87 119 126
635.38 280.972 597.452 276.838 79 98 119
635.38 280.972 597.452 276.838 79 98 119
635.569 245.637 599.061 243.625 51 62 82
635.784 367.01 594.193 359.101 87 95 105
636.441 434.471 592.846 421.031 22 26 24
636.91 356.084 596.401 348.136 67 72 82
636.91 356.084 596.401 348.136 67 72 82
637.827 373.5 596.504 364.432 92 95 98
637.83 203.454 602.393 202.446 124 175 202
638.155 398.307 596.028 387.74 80 89 98
638.93 468.286 593.821 450.426 14 21 26
638.946 417.751 595.755 405.505 56 63 73
639.263 386.958 597.902 376.123 80 86 91
639.351 217.322 622.417 227.447 139 187 210
640.09 340.028 599.837 333.077 97 111 127
640.224 472.727 593.904 455.011 43 13 27
640.255 498.645 593.101 477.705 9 12 16
640.334 300.604 601.309 295.983 106 126 143
640.39 374.071 605.643 287.595 152 135 106
640.669 247.736 603.613 245.587 107 135 159
641.107 307.956 601.781 303.04 105 124 141
641.439 221.334 604.911 219.956 99 169 206
641.5 184.901 606.487 185.123 90 103 128
641.576 325.946 621.594 320.037 100 117 133
641.813 228.954 605.103 227.461 86 102 127
641.846 352.59 600.894 345.384 96 108 120
641.846 352.59 600.894 345.384 96 108 120
642.017 487.185 594.818 467.481 44 31 38
642.48 298.496 603.501 293.803 83 99 118
642.503 254.999 605.134 252.627 114 139 165
642.626 447.674 599.837 432.966 34 43 59
642.805 423.782 599.204 411.011 17 25 27
644.519 184.435 609.365 184.549 109 135 164
645.114 243.344 607.895 241.579 88 106 126
645.587 199.924 609.621 199.482 110 133 162
645.628 226.953 608.802 225.75 87 106 128
645.641 507.238 596.272 485.1 10 11 15
646.443 398.395 603.495 387.339 59 62 69
647.693 197.937 611.879 197.635 111 133 161
647.693 197.937 611.879 197.635 111 133 161
647.967 472.318 600.595 454.617 70 56 89
648.524 439.102 604.091 425.312 37 57 60
648.604 308.23 608.825 303.285 154 198 214
648.792 476.544 601.574 458.007 38 14 20
649.043 216.676 612.513 215.927 112 135 162
649.073 287.145 610.04 283.107 108 131 152
649.372 389.258 606.527 378.739 48 65 81
649.38 252.045 611.115 249.941 86 107 128
650.04 334.418 629.591 333.174 80 87 101
650.11 376.854 607.499 368.611 19 26 38
650.254 467.774 602.226 450.676 17 16 24
650.723 329.02 609.998 323.041 136 193 215
651.485 395.238 608.074 384.878 56 58 64
651.486 234.625 613.956 233.12 112 138 163
652.258 380.996 609.328 372.208 73 86 95
652.419 402.502 608.74 391.535 53 55 61
652.625 358.875 610.838 350.927 70 77 85
652.888 305.327 612.872 300.545 46 59 77
654.099 465.259 605.979 448.549 127 167 173
654.157 424.539 609.634 411.648 18 28 29
654.882 374.941 611.792 366.391 89 98 107
654.982 241.395 616.906 239.452 111 135 159
655.169 382.261 612.262 373.183 85 94 101
655.334 249.255 617.054 247.085 111 135 157
655.473 280.872 629.591 333.174 86 102 122
655.527 346.79 613.839 339.651 77 86 96
655.692 276.598 616.445 273.38 194 219 225
655.939 226.714 618.436 225.611 90 111 134
655.999 407.296 598.884 367.621 70 77 87
656.146 180.289 581.884 161.767 90 106 132
656.5 381.523 612.262 373.183 82 91 97
656.5 381.523 612.262 373.183 82 91 97
656.895 398.686 612.842 387.753 80 90 98
657.266 254.191 599.061 243.625 45 57 77
657.843 287.299 617.907 283.21 90 105 124
657.843 287.299 617.907 283.21 90 105 124
658.503 349.328 616.353 341.902 70 75 86
658.682 210.197 621.408 209.665 92 165 208
659.533 424.133 614.401 411.279 21 31 28
659.6 418.977 614.112 406.952 57 64 72
660.39 228.518 622.417 227.447 135 204 230
660.58 324.911 605.743 263.633 106 125 141
660.68 195.685 622.656 194.795 80 95 118
661.077 293.772 620.816 289.528 85 98 117
661.348 196.864 624.377 197.003 80 96 119
661.522 332.054 619.751 325.624 106 123 139
661.54 440.764 615.209 428.159 37 58 63
661.769 465.26 613.063 448.805 105 128 142
661.853 255.992 622.628 253.518 115 140 163
662.564 303.048 621.81 298.402 93 109 124
662.722 314.661 621.592 309.463 103 125 143
663.075 343.419 620.669 336.456 102 120 134
663.371 326.069 621.594 320.037 106 125 141
663.882 262.828 605.134 252.627 115 140 161
664.128 445.412 617.764 431.389 38 60 66
664.151 353.315 621.292 345.815 100 113 124
664.377 332.442 622.318 326.261 105 122 138
664.973 368.268 621.26 360.034 160 187 159
665.462 210.716 627.924 210.561 109 133 158
666.516 204.383 628.98 203.805 112 137 163
667.155 538.871 612.45 508.988 108 121 125
667.155 538.871 612.45 508.988 108 121 125
667.519 247.426 627.984 245.701 92 111 133
668.68 299.948 627.479 295.661 110 131 149
668.692 445.217 621.277 431.083 22 32 37
668.692 445.217 621.277 431.083 22 32 37
670.28 240.524 631.182 239.011 120 144 168
671.543 492.429 621.583 471.213 26 25 31
671.579 385.744 598.105 202.961 47 65 82
671.686 483.266 620.241 464.336 48 35 41
671.686 483.266 620.241 464.336 48 35 41
672.087 188.417 634.271 189.331 110 135 163
672.488 255.849 632.59 253.408 118 141 164
672.753 188.117 635.251 188.61 109 127 157
673.634 501.184 621.217 479.629 76 87 93
673.916 264.306 633.575 261.647 163 205 222
673.916 264.306 633.575 261.647 163 205 222
674.409 366.302 629.939 357.619 100 110 118
674.483 361.558 630.637 353.088 77 85 92
674.483 361.558 630.637 353.088 77 85 92
674.778 345.697 631.08 337.687 86 100 110
674.778 345.697 631.08 337.687 86 100 110
676.186 377.854 631.215 368.603 93 101 108
676.765 425.961 629.737 413.032 23 34 30
678.141 352.76 633.879 345.427 80 88 97
678.818 462.652 627.563 446.555 104 135 164
679.679 313.736 636.784 308.131 111 134 150
679.679 313.736 636.784 308.131 111 134 150
679.703 413.726 632.814 401.85 63 70 75
680.18 333.449 636.576 327.219 115 137 154
680.24 304.236 637.872 300.062 82 95 116
680.703 374.692 635.446 365.866 95 105 110
680.798 328.628 637.371 322.143 116 136 152
680.843 402.399 633.814 391.093 80 89 93
681.055 430.615 633.486 417.711 34 56 52
681.137 363.675 636.077 355.325 70 72 80
682.032 470.776 629.456 453.34 93 89 129
682.206 348.256 637.882 341.081 105 122 137
682.239 503.746 628.692 481.664 8 10 15
683.031 383.768 636.421 374.93 46 57 40
683.041 322.905 639.474 316.394 111 130 145
683.049 392.476 636.776 383.175 23 34 24
683.634 425.908 636.283 412.987 23 34 29
683.712 353.368 639.02 345.929 109 124 134
684.859 486.603 631.486 466.938 51 63 69
685.873 373.037 640.13 365.209 161 207 215
686.378 380.795 640.244 372.255 180 210 209
689.509 396.844 641.664 386.874 25 35 23
689.616 354.76 644.642 345.517 111 125 135
689.772 364.854 643.92 356.639 102 111 117
690.175 437.853 640.67 422.772 28 42 40
691.339 415.546 642.299 403.744 26 36 22
691.339 415.546 642.299 403.744 26 36 22
693.119 407.959 644.009 397.089 24 34 25
693.431 452.871 642.437 437.297 27 38 27
693.588 429.703 643.886 416.502 29 40 29
695.032 456.904 643.645 441.232 89 103 109
695.238 500.581 640 479.239 87 100 108
698.077 463.33 645.992 446.97 52 56 58
698.369 559.091 635.338 522.843 99 112 116
699.34 552.608 636.843 518.299 85 96 105
699.34 552.608 636.843 518.299 85 96 105
701.175 456.328 649.022 440.806 82 95 103
702.014 450.326 652.262 435.588 25 35 36
702.358 410.449 652.035 399.278 25 32 23
702.639 423.919 652.614 411.581 59 55 35
703.094 485.39 646.849 466.488 115 138 153
703.989 491.607 648.713 471.973 59 52 57
704.221 491.806 648.953 472.024 59 52 57
706.634 459.919 653.459 443.993 48 53 54
707.171 463.694 653.437 447.463 84 85 82
708.257 97.6593 690.565 89.152 199 231 254
708.776 438.233 657.294 424.32 175 130 55
708.795 343.629 664.613 335.371 53 69 35
710.049 477.883 655.713 459.932 49 51 50
711.69 461.342 658.023 445.293 43 48 46
714.312 452.859 662.518 437.499 35 39 24
714.777 558.744 648.004 522.401 95 105 112
716.376 342.748 671.242 334.592 255 255 255
720.43 460.085 665.472 444.195 47 49 48
720.742 347.126 674.355 338.537 52 70 45
722.289 464.802 667.155 448.567 50 52 51
723.541 344.35 677.42 336.147 255 255 255
724.722 495.063 666.635 474.535 64 75 90
725.5 353.638 678.753 344.722 73 90 61
728.908 460.435 673.054 444.43 38 40 38
730.774 351.242 683.501 343.176 60 73 57
730.874 450.171 677.687 434.847 111 143 163
734.724 352.495 687.288 343.873 254 254 255
736.577 362.49 688.267 352.992 57 74 65
738.315 357.974 690.011 348.726 251 252 253
738.906 364.7 690.363 355.086 255 255 255
739.228 368.018 690.058 358.904 254 255 254
743.745 469.985 685.43 452.854 44 44 39
746.511 452.693 691.218 437.283 105 157 184
746.835 379.523 694.952 368.616 27 42 29
747.104 461.286 689.906 445.26 57 59 58
748.161 554.173 674.73 518.591 72 84 90
755.203 476.823 695.043 458.814 49 52 51
756.545 469.176 696.416 452.039 48 46 42
757.457 385.778 80.9211 232.726 255 255 255
758.094 552.316 682.053 517.275 70 81 87
766.142 593.964 766.043 593.959 0 0 0
769.805 447.294 713.98 432.49 11 20 23
769.967 440.672 714.421 426.217 27 30 33
772.128 477.623 709.35 459.438 59 63 66
772.529 443.158 716.727 428.51 40 52 57
772.722 458.439 716.698 443.224 60 69 74
776.348 448.032 719.397 433.516 24 24 34
776.45 492.343 738.791 470.484 108 108 104
778.071 594.981 766.043 593.959 0 0 0
778.408 477.879 714.648 459.574 54 57 64
781.235 492.472 738.791 470.484 103 107 108
787.896 403.277 635.338 522.843 45 58 48
791.848 305.252 791.848 305.252 0 0 0
792.853 254.262 791.848 305.252 0 0 0
793.969 528.084 88.3418 592.854 0 0 0
794.682 591.961 793.994 591.54 68 77 82
