1,14,15,-10,3,1,9,5,4
2,-1,-2,-7,-2,-12,14,-1,9
3,6,-8,8,-4,-9,7,-1,-16
4,7,-9,12,1,-4,10,3,6
5,-13,1,-8,-11,7,12,15,-16
6,-2,-2,2,-12,-12,15,-5,-16
7,4,-15,8,4,-3,-8,-2,4
8,-14,2,6,-2,9,-10,-3,13
9,7,-6,-7,-12,9,-13,-10,-6
10,8,5,-7,8,-11,5,12,4
11,10,-12,12,4,9,5,4,-5
12,-3,-1,-12,14,7,-6,9,-3
13,13,11,12,-4,1,-10,-16,10
14,5,-3,-15,-10,9,8,8,-11
15,-3,-15,-5,-3,12,-12,-10,-1
16,-2,-13,-12,-3,-4,-13,12,4
17,-12,3,13,0,-4,2,12,5
18,-1,-3,-10,3,8,-12,-16,-5
19,-7,-5,4,-10,15,-13,12,-2
20,-6,-13,13,10,9,-4,14,-2
21,3,14,8,11,13,2,14,8
22,-12,-16,-10,-12,0,13,-16,14
23,-4,-14,-16,4,2,-7,-1,-12
24,6,-14,-1,14,5,-3,-6,12
25,8,11,5,3,-8,-11,-13,-14
26,2,-4,13,-13,5,6,-12,-12
27,-2,-6,3,-15,-1,0,-12,-4
28,10,-7,-6,-12,-12,-15,-15,0
29,9,-7,-16,10,-13,11,-9,7
30,1,3,-10,-3,-12,1,5,2
31,14,1,3,-3,11,-8,12,10
32,-1,-6,1,-1,0,-8,-8,13
33,-16,2,9,15,-12,2,14,3
34,15,-9,3,-1,0,1,6,-12
35,9,2,-10,10,15,-7,9,5
36,-15,9,-1,-4,-16,-6,-3,4
37,-11,-1,-12,-15,-14,-6,12,9
38,14,-7,-11,3,6,-11,15,-13
39,8,15,-9,11,-15,-11,-9,7
40,-14,-8,12,11,-14,-16,-13,6
41,-8,12,6,-2,6,-7,-16,8
42,-4,10,14,2,-13,1,-15,13
43,0,-4,-9,15,10,5,7,7
44,-14,13,-9,5,14,5,1,11
45,-7,8,12,10,-13,-7,2,7
46,-15,-12,12,0,-12,11,9,14
47,0,-13,6,8,-10,-11,12,7
48,-12,-4,-11,10,-9,-9,-10,2
49,14,3,8,-7,13,4,-2,0
50,-6,-13,-5,5,-1,6,4,4
51,-5,12,-15,-4,13,11,7,9
52,1,-16,-3,-6,-1,-12,-15,0
53,-12,-16,4,-7,2,1,15,1
54,15,15,10,-8,-11,8,8,-10
55,5,9,12,4,-14,-12,-8,-12
56,1,-2,12,1,5,6,-2,3
57,-2,-12,4,9,-9,-14,12,9
58,-2,10,3,1,-6,-4,7,-2
59,-2,11,-8,-15,14,15,15,-14
60,-6,-5,-2,12,2,4,-16,13
61,3,11,-3,4,-9,4,7,5
62,-9,-14,8,-6,-3,15,-16,5
63,8,-13,-16,-13,-14,-10,11,-4
64,3,6,2,1,-14,4,-14,-9
65,-3,11,-15,3,-3,10,7,-4
66,15,4,5,-4,-5,-7,5,9
67,0,-11,12,9,-9,8,-15,-2
68,-12,3,-9,15,-2,-14,11,-15
69,0,0,-15,1,10,3,5,-11
70,-9,4,7,-3,-13,-16,13,0
71,-15,-4,-16,0,0,-3,13,-8
72,-1,13,-2,-15,-3,-13,-9,-7
73,3,14,14,-9,9,-4,-16,13
74,-2,14,-1,-2,-2,3,-6,12
75,-1,-1,9,7,6,2,0,-12
76,4,15,-10,3,-9,9,-9,-15
77,-12,10,7,-16,4,-3,-10,12
78,-10,-7,-6,12,15,14,6,-1
79,-2,-16,-15,8,6,-2,-5,0
80,-9,2,-9,-8,12,9,-3,13
81,3,11,-6,1,-11,-3,1,8
82,-6,-16,10,5,-13,2,-1,-15
83,8,-4,-5,13,8,-14,1,-5
84,-16,-8,13,9,1,-8,13,0
85,6,8,-9,-12,-6,-3,-2,12
86,6,3,9,13,-15,5,4,7
87,12,-4,6,10,11,-11,10,2
88,-4,-4,8,7,-12,8,-2,0
89,-13,-9,-1,-13,-4,-8,-16,1
90,-9,-6,-16,4,14,14,14,15
91,-13,-3,2,3,-8,-14,-7,-14
92,3,-9,4,-15,1,-7,-16,-10
93,-9,11,-8,-5,-1,-12,-7,1
94,-10,12,1,15,14,7,1,-1
95,11,-9,-13,-12,8,15,-4,-8
96,-7,-11,-4,-14,-4,0,7,5
97,-13,13,15,-13,-15,5,1,3
98,-11,-14,-16,-13,-16,-1,-11,9
99,-9,-12,9,-12,-2,-12,-6,-1
100,-13,9,-6,-8,-11,-13,4,1
101,5,-10,1,2,8,-8,-15,6
102,4,10,-12,11,13,-11,3,-16
103,-14,-13,12,-9,6,10,2,-16
104,-8,-1,-7,-2,-5,-9,-5,4
105,-14,-8,-9,-4,-7,-2,15,4
106,-11,-6,1,-15,-13,10,4,-13
107,6,14,2,7,9,9,11,-15
108,4,-8,-10,1,-7,-1,-2,5
109,12,-8,5,2,4,4,-7,-14
110,3,-16,-6,-10,4,-2,-8,8
111,-12,3,-13,10,-14,11,6,-13
112,12,-13,-10,-2,4,3,-12,13
113,-12,6,3,-11,-12,1,-10,10
114,-7,-15,-9,2,3,6,-3,12
115,15,-10,-15,-15,-7,-16,-12,-4
116,12,-1,9,14,15,9,-7,-7
117,-13,9,9,3,10,12,5,12
118,8,-14,7,7,1,3,-1,9
119,3,-16,-9,1,6,13,-1,2
120,-14,4,5,-15,-13,9,-1,-5
121,-4,4,6,11,8,12,5,0
122,8,8,7,8,-6,-8,-12,-12
123,-8,-9,9,15,-1,-2,15,10
124,-4,13,14,-13,-4,-8,-4,-10
125,-11,0,14,-6,13,-8,9,-14
126,-2,3,12,3,0,1,11,-15
127,2,-13,-7,-10,7,13,10,5
128,-15,14,-1,-11,10,9,3,2
129,-4,-5,10,-13,6,-8,-2,-8
130,9,-14,-9,9,7,2,-8,-13
131,-1,-9,-10,14,-16,5,4,12
132,9,10,-14,6,-7,0,11,13
133,10,-9,14,8,-13,0,-9,-2
134,-11,-11,14,2,-15,14,-2,-3
135,-12,-9,-15,-2,-13,9,-8,-6
136,-5,-2,11,-8,-3,-12,4,-16
137,-12,12,-12,-13,6,2,15,-2
138,10,-12,-15,-16,-5,-10,-2,11
139,15,12,-11,12,-2,-13,-8,2
140,10,-8,12,3,14,15,6,13
141,-16,-13,0,-11,-12,2,12,-4
142,3,-12,2,-4,4,4,-1,3
143,-7,7,7,15,12,5,10,4
144,-13,-5,9,10,8,11,11,13
145,8,11,5,-8,0,-10,-16,-14
146,13,9,12,-10,-3,-12,15,-15
147,0,0,14,12,-1,11,-15,-9
148,-8,7,5,-16,-2,11,15,8
149,-15,0,7,7,11,9,0,-15
150,-16,8,15,-8,6,-7,10,11
151,-6,-5,8,-7,14,-4,13,12
152,4,4,-14,-9,11,-7,-2,-14
153,-2,-2,-15,-10,13,-11,-3,-4
154,-9,-14,9,15,7,-10,-3,-13
155,0,1,-3,14,1,-14,8,-11
156,-4,9,9,-14,0,-16,12,11
157,9,-6,-15,10,7,-6,-2,-10
158,2,-7,7,11,1,2,-8,-16
159,11,4,-9,-13,13,7,8,-1
160,-6,-7,-2,0,-11,2,3,-11
161,-1,5,9,-14,-8,-4,-6,-16
162,-9,-6,-16,-9,-9,10,-6,-14
163,-6,7,0,-12,13,-4,3,-7
164,11,-2,-10,-6,-2,-5,-12,14
165,-15,-15,-2,11,-7,-14,-13,5
166,11,-11,-7,-2,12,2,14,-11
167,-16,4,-10,7,-12,-11,5,-10
168,11,2,9,13,0,11,3,6
169,-2,14,-9,11,-16,0,-2,9
170,-13,5,-6,1,-3,4,-4,-14
171,-3,-6,-5,-15,-16,-9,8,15
172,6,-12,-2,4,0,-14,10,-4
173,-12,9,-8,12,12,1,-7,-2
174,8,1,12,14,8,4,13,-7
175,-4,-11,-15,0,3,9,1,-4
176,-15,15,-3,13,7,-9,-8,1
177,2,-1,14,15,14,12,-1,8
178,5,-7,3,4,3,-1,-8,-1
179,10,-5,6,9,8,-3,-16,13
180,11,-9,-7,-10,2,-3,-7,2
181,5,-10,3,2,-15,5,-16,10
182,-4,-2,11,2,-5,-9,-5,-12
183,-4,6,-12,11,10,2,1,-3
184,1,-16,-10,13,-16,5,-2,0
185,10,-6,-9,13,-6,-10,0,-6
186,7,-15,5,-9,3,-7,14,-13
187,0,-7,-1,-1,-13,14,0,-15
188,-16,0,-13,9,-2,-14,4,2
189,-8,7,-5,15,-3,-1,12,13
190,-6,2,-6,-2,15,-6,5,-2
191,3,-12,-7,-5,-7,-2,-8,8
192,12,8,8,1,-16,-3,15,8
193,15,-12,11,0,-1,4,11,12
194,11,5,-9,2,-7,-8,-3,1
195,-13,-2,12,12,-13,-8,-15,-13
196,12,7,-6,6,3,-6,-9,15
197,4,-2,12,2,5,-8,-15,-3
198,-10,12,-1,-7,-11,12,11,13
199,-1,-7,-12,-13,-8,7,11,-4
200,-10,1,8,5,-4,-10,-14,-16
201,5,2,14,12,1,-16,-14,-13
202,14,6,-8,7,-8,-13,-12,-5
203,13,0,-15,1,-9,10,5,4
204,-10,5,-11,9,-4,-7,5,12
205,-15,-15,4,-14,5,-12,-8,-5
206,-5,-15,9,-12,4,13,-10,13
207,13,-16,13,15,-6,4,12,-6
208,-5,9,15,12,3,-7,-8,6
209,1,12,-2,15,2,-8,-6,-1
210,2,-15,-8,-3,-7,7,-13,8
211,3,-8,11,0,12,0,9,3
212,-9,-9,-3,-1,-6,-14,6,10
213,-2,-16,-6,0,5,5,5,2
214,-13,-11,-11,6,-2,-2,1,-14
215,2,-1,-10,9,4,-13,-7,4
216,-12,-10,-3,3,1,-4,-10,-11
217,-15,1,-1,-16,3,-9,-3,15
218,-3,-4,12,9,-10,-2,2,-4
219,-4,2,-8,12,10,11,-12,15
220,-3,-14,10,-13,-8,-14,-15,-12
221,-3,0,-12,14,-10,-13,2,-15
222,8,-9,-10,-14,-11,0,4,1
223,14,10,-10,11,-12,7,-7,-12
224,-14,14,-14,-1,-8,13,3,-7
225,12,13,12,-3,11,3,3,0
226,-14,-2,4,11,5,14,8,1
227,-14,-1,-14,9,-15,-12,3,-13
228,-5,-2,5,7,-5,-8,1,9
229,5,-3,6,-11,5,11,15,-2
230,9,-2,5,-2,9,7,13,9
231,5,-5,-12,-11,13,0,-10,7
232,-5,4,-12,-13,-1,-13,-1,-9
233,-8,-13,-2,-11,-13,-6,15,14
234,-8,-3,5,-4,8,-7,-7,-3
235,8,-13,-6,5,0,7,8,-15
236,15,10,10,-6,-9,-6,-5,14
237,-8,-15,-15,-9,-4,-13,9,-3
238,6,15,4,9,-10,-12,-4,-13
239,5,10,-2,2,-1,11,-3,-11
240,-6,8,8,2,15,-12,-13,-15
241,8,-3,2,-11,8,-12,-6,-10
242,11,10,-2,10,10,1,-12,-14
243,-7,7,-14,-15,12,9,0,4
244,-7,-1,-2,-6,15,6,-12,7
245,12,2,-5,2,-7,15,-2,-2
246,-7,-4,-13,-8,-9,-5,11,15
247,8,-3,-6,6,14,-10,2,-9
248,5,-13,-2,-13,-16,3,-16,-1
249,15,-14,-5,-9,-8,6,0,-2
250,4,11,-16,9,-4,3,13,2
251,1,2,3,0,-5,-13,0,6
252,11,-2,8,2,-1,-6,1,-5
253,3,4,13,-14,9,-4,12,-16
254,9,-2,-4,-10,9,-12,-5,-14
255,-4,-16,-12,-9,-6,-1,-11,6
256,4,-4,15,-15,9,-6,-6,-15
257,13,14,14,-3,-6,-13,-10,-9
258,-3,-14,0,8,-13,-11,13,3
259,-10,9,-4,-1,5,-16,2,-13
260,2,1,-11,13,11,-11,-9,-5
261,6,-9,10,12,4,-3,-1,5
262,-4,-9,13,12,8,1,-7,-12
263,-5,-6,5,6,-1,-3,6,6
264,1,10,-9,8,13,-8,-5,-13
265,-10,8,-8,5,-16,-1,7,-14
266,15,-11,6,3,5,4,0,-4
267,15,-13,-4,13,4,-9,2,-9
268,-11,-1,1,3,14,-6,-16,-6
269,0,-8,2,10,6,-15,-13,11
270,9,15,-14,3,-5,2,-5,2
271,-9,-10,-8,-11,-10,10,5,8
272,-5,15,13,11,0,-7,-4,-10
273,2,-4,-1,7,-16,-5,10,-10
274,9,10,11,-15,-5,-15,-6,14
275,0,-12,-7,-10,-1,-1,-1,11
276,3,14,0,-14,15,8,-13,3
277,5,8,4,-5,7,2,-5,-1
278,15,5,-2,2,9,12,-15,12
279,-6,2,0,-16,14,1,-5,15
280,5,-16,3,15,-16,8,-11,-14
281,6,-5,0,-12,9,-2,2,-13
282,-6,-2,13,-13,-10,-5,-10,-10
283,-11,13,2,-15,-8,2,-9,2
284,-4,15,5,-11,6,5,-9,8
285,2,1,-2,1,1,-11,-4,13
286,-3,-8,1,-1,7,-4,2,-9
287,-14,14,-14,-8,5,-3,-12,-8
288,-6,-2,-15,13,-2,13,-2,-4
289,-5,-3,13,15,-14,1,13,-5
290,11,7,3,-11,-16,-13,11,-12
291,10,-12,5,0,5,0,-16,7
292,-9,4,14,-3,4,6,-11,5
293,4,-13,14,-13,-1,-12,-15,15
294,14,1,10,-9,-8,7,5,0
295,5,-12,-9,12,-16,10,-14,1
296,-1,-14,5,5,1,-15,7,-16
297,2,-6,6,-14,3,-14,10,-10
298,12,3,3,-1,4,2,-3,-11
299,-4,-8,9,3,-16,15,9,-1
300,-2,-9,-10,-10,1,2,-9,9
301,-12,-6,-8,6,-16,-6,2,-5
302,-6,-9,10,-16,-16,9,-5,-16
303,-7,-8,4,-9,-13,-12,15,10
304,9,1,3,6,-14,-1,12,-4
305,10,3,7,13,-4,15,8,4
306,10,-7,-3,-16,7,-16,-13,-15
307,-9,-8,11,-10,8,2,13,-9
308,15,3,-5,-2,13,8,-14,14
309,11,-1,11,-6,7,-15,13,-8
310,-15,7,-16,4,1,9,4,0
311,7,13,-12,-9,15,-6,-6,-11
312,-5,10,5,-3,-7,-15,-13,2
313,-6,-13,-5,-14,-3,-3,13,12
314,0,10,-14,-6,0,12,7,6
315,-15,-16,-6,-15,0,14,-4,-4
316,1,-5,-8,-5,-10,-14,9,7
317,13,12,-16,4,-7,-4,4,-11
318,9,9,-13,-3,6,-5,2,-16
319,-7,5,-5,15,10,-4,-7,-10
320,-5,12,13,-12,-8,3,-1,11
321,-15,0,-16,-14,-4,-12,-3,-4
322,-7,11,11,7,15,13,12,-7
323,-15,13,12,8,-16,1,6,5
324,-6,-10,13,2,-12,-5,-5,-8
325,12,12,12,-15,1,1,-8,8
326,-3,-12,-8,-6,-9,-4,9,1
327,-3,0,1,-13,-16,8,15,3
328,13,2,15,15,-6,4,-2,-10
329,-14,8,0,-4,0,6,-7,-9
330,-2,8,-3,-2,4,11,-14,-13
331,-16,-12,-12,2,5,-16,14,-10
332,15,7,9,-10,-11,9,-2,-3
333,-2,-14,9,-3,-12,6,2,-1
334,-7,-2,-8,-16,-4,-14,5,-15
335,1,1,6,-7,-14,2,-6,10
336,15,-15,13,3,10,-12,9,-14
337,-2,-8,-9,-5,15,-1,8,2
338,-7,-11,3,2,1,14,-15,10
339,4,-14,2,5,5,-13,-16,11
340,11,10,11,-15,8,4,-11,-9
341,-9,5,-5,9,-12,14,-13,5
342,-8,3,-6,14,-11,-14,14,12
343,-3,-7,-9,2,4,-6,-3,14
344,-7,7,10,-11,-5,-4,2,15
345,6,7,-8,-12,-7,3,3,-7
346,14,-5,-12,-15,-1,15,-2,11
347,6,15,10,-3,13,0,9,-1
348,3,-13,-8,-11,6,3,-9,8
349,-3,-12,-8,3,14,-8,-9,-3
350,11,5,-16,-12,13,-16,8,13
351,6,-10,11,-11,9,-1,8,6
352,-12,13,-4,-3,7,5,-5,-13
353,14,7,11,0,14,-1,-5,15
354,-8,13,3,-5,-3,4,3,6
355,-10,-14,5,2,-6,-2,-6,-11
356,12,7,-15,-5,-2,-12,-16,9
357,-6,-12,-7,11,4,13,0,-11
358,8,10,11,1,7,11,-8,-2
359,4,-13,-13,-10,14,-1,12,1
360,11,13,-1,-4,7,3,-7,-2
361,-4,1,-5,-12,-3,9,6,-14
362,-16,-10,-3,-13,-6,-10,-2,-15
363,-10,1,-11,0,1,12,14,-12
364,2,15,-15,-10,-16,-3,-16,10
365,-15,5,-9,-3,-10,15,-10,-4
366,-14,-7,3,13,-7,-16,-11,1
367,-9,12,-1,7,-4,-1,-1,3
368,-13,8,1,-16,-1,-9,14,-15
369,2,-16,-2,14,13,-12,11,-12
370,-16,0,0,15,-7,12,-8,-8
371,12,9,8,15,-2,-1,-1,-7
372,7,11,-5,14,3,-6,-1,13
373,12,8,15,4,4,8,6,-1
374,13,2,4,1,-11,-10,8,0
375,7,1,-11,-13,11,3,9,15
376,3,-10,-5,-14,-16,-14,9,2
377,4,-15,5,15,-15,10,-9,1
378,-16,3,-4,-1,11,-12,-7,8
379,-12,-11,-3,0,7,8,-5,-11
380,-12,3,0,-5,5,-10,2,12
381,2,-4,5,-9,-1,11,-9,8
382,-15,-14,11,15,-4,2,10,-1
383,0,10,2,1,-12,-12,12,-6
384,0,1,-9,-16,-1,-10,-7,-13
385,-12,-15,-16,-4,-2,9,-16,8
386,-13,-3,-9,-8,13,-1,12,-12
387,-16,-12,10,2,-6,8,-8,-4
388,0,7,-13,-2,13,-15,-6,11
389,12,-8,6,13,10,2,-14,5
390,-4,8,-4,-2,-4,-9,11,10
391,3,-4,6,-1,13,-5,-8,-12
392,3,-15,-2,11,-12,14,-10,-4
393,-14,-15,3,-7,8,1,1,4
394,15,-4,4,-9,-10,-3,7,6
395,-15,3,5,-16,-13,13,8,-12
396,-11,1,-13,11,-8,3,-2,-6
397,-15,-3,0,2,0,-3,-12,-8
398,14,11,13,-15,9,-16,8,-12
399,-12,3,-6,-2,13,-11,-15,-1
400,10,-14,-1,-5,11,-8,-4,-3
401,13,8,1,9,-9,-13,12,-16
402,-8,-4,7,-11,-5,15,14,7
403,1,-7,-15,-7,-11,3,-11,-15
404,13,0,3,-1,10,-4,5,10
405,-8,12,-13,2,-8,-8,5,-9
406,-14,-16,6,-9,15,11,-10,-1
407,14,14,-11,5,4,4,-9,13
408,-3,-9,2,-6,-15,-14,13,10
409,-12,-8,-6,-15,-14,-4,-9,6
410,2,15,-12,3,-8,7,2,10
411,0,-14,10,-14,-16,-8,7,-12
412,6,-9,-8,-7,-12,15,1,6
413,-12,9,-5,8,-16,12,-15,-13
414,-11,9,0,11,3,10,-12,-16
415,-3,8,-13,10,-5,5,-11,13
416,0,7,8,-16,1,-15,-1,-10
417,-10,-11,15,10,-11,13,4,11
418,-1,-5,-6,-11,-1,5,14,-11
419,-13,-11,-16,13,1,9,-8,2
420,-13,-1,-10,-9,-12,12,6,10
421,-7,-12,3,1,-2,2,0,-15
422,-11,6,-16,0,15,-14,9,5
423,-2,8,-7,9,-5,4,-2,-1
424,-2,-1,2,10,10,-16,11,14
425,-1,11,-9,3,5,8,0,-9
426,-14,-15,1,11,11,6,9,-5
427,15,11,14,10,1,4,-7,-8
428,-8,-7,-15,14,-2,-6,0,-15
429,-9,7,7,-12,-15,13,-4,3
430,13,7,-13,2,10,-8,5,-6
431,-4,-8,-2,-5,12,-1,-14,-10
432,-9,15,-8,-5,9,-10,9,11
433,-8,-14,-4,9,9,-16,13,-5
434,10,-8,11,8,-10,5,-6,5
435,-14,-15,-7,-13,4,-16,3,13
436,-10,-15,-16,-4,-1,2,-11,-9
437,-1,11,-10,4,-2,-11,-4,6
438,-3,-2,-5,-4,12,11,13,-16
439,-4,5,-1,-10,11,9,2,-13
440,-13,11,1,1,5,7,15,7
441,-11,-16,-11,6,9,-11,9,2
442,-10,3,15,12,-11,-15,-16,9
443,-2,-10,-1,15,-14,9,-2,-5
444,3,14,15,-15,3,15,-15,-4
445,4,10,11,-6,-9,12,2,-9
446,-4,2,2,-15,4,-6,-8,4
447,-1,-8,-7,-13,10,4,5,-4
448,-10,12,2,7,-9,8,-10,7
449,7,13,7,10,7,9,1,-2
450,-10,-14,9,1,6,-11,-7,2
451,-1,-5,-12,-6,-7,12,-2,13
452,-6,4,8,8,-2,7,1,6
453,-4,8,2,-8,15,13,9,10
454,13,3,-7,15,-14,-10,7,-15
455,-5,8,9,2,-8,-12,-2,-8
456,-13,-15,9,-10,6,1,-6,1
457,-2,1,13,8,11,-16,4,4
458,-13,-12,-8,8,-9,6,15,1
459,12,-11,-9,-4,10,-14,-1,3
460,-2,7,-4,-16,-8,1,0,-2
461,0,-5,4,3,-4,11,14,-15
462,-15,13,-14,-14,-9,2,15,-16
463,14,-15,8,10,7,-11,-11,-2
464,0,-2,1,4,15,13,-14,9
465,-6,4,0,-3,7,-3,-3,-16
466,4,-13,-12,-16,2,12,13,10
467,-8,-6,-10,15,-4,5,10,-16
468,4,-3,-9,-6,-11,-4,8,7
469,-6,-7,10,10,11,14,8,-11
470,-10,-4,-13,-8,-1,5,12,-11
471,-15,-3,7,1,-15,-3,-3,9
472,-8,7,-7,6,13,-11,15,13
473,-11,8,-14,-7,7,5,-13,1
474,10,8,-4,-11,6,10,-5,5
475,8,0,2,-15,-15,13,-7,-1
476,4,-2,0,-16,-7,-9,-10,2
477,-16,-7,1,8,-6,-4,-9,-10
478,-9,-16,-4,13,-11,-13,-16,6
479,-7,3,10,1,-11,0,-13,-11
480,-13,-2,5,15,-14,-1,-6,7
481,1,11,-2,15,3,11,-7,9
482,-13,9,2,-12,-5,-11,9,3
483,13,8,4,-6,-14,0,-10,11
484,11,4,5,-2,11,-3,-15,-7
485,3,0,-11,4,-10,-6,-13,-4
486,8,-9,6,1,-2,10,-4,15
487,1,-13,3,0,4,-7,5,11
488,-14,-1,5,11,-9,11,10,3
489,-3,-15,-8,7,8,7,15,9
490,0,-12,-12,-8,14,-15,0,-4
491,-1,-10,-13,-2,7,3,7,9
492,5,-2,-13,5,9,13,14,-9
493,11,3,-10,-11,-11,-11,5,9
494,-3,-9,-6,0,-14,2,2,6
495,-5,-6,-12,-5,7,-14,-3,-5
496,3,-14,-11,-3,-9,-3,1,2
497,-3,-16,4,8,6,9,8,12
498,0,9,8,-8,11,-7,-12,5
499,8,-13,-11,-11,15,-1,-16,10
500,-3,6,-2,-7,3,-9,12,-4
501,8,7,-11,2,-8,-7,-12,15
502,14,-3,5,-15,-13,-5,-4,11
503,-13,-2,-13,-1,-11,9,-9,-11
504,6,8,-5,-13,7,13,5,9
505,-8,-8,11,-15,14,-9,4,11
506,-13,7,-1,-10,-5,7,5,14
507,10,-3,-11,9,-8,5,-16,-10
508,-2,-3,-8,9,9,-1,6,-15
509,-14,-10,-10,-9,-9,4,-8,-8
510,-2,0,3,6,-14,7,-3,0
511,1,-13,1,-2,12,2,-7,-15
512,-8,3,10,-3,8,10,0,-4
513,-4,-12,3,-13,-12,7,-10,6
514,6,6,-9,-2,-6,-12,-16,5
515,-15,7,-2,6,5,5,-8,-1
516,10,7,-15,-6,-4,-4,-4,8
517,-7,5,-16,6,-2,-3,-3,8
518,-5,-8,5,10,-3,-4,4,-5
519,-10,5,1,-7,4,10,-3,7
520,-9,14,-11,7,14,-15,0,-1
521,1,-9,-10,6,-3,3,3,4
522,-15,9,15,9,-11,-14,-15,-3
523,11,-8,-5,-14,-3,4,3,-11
524,-10,-7,8,-2,-16,-13,7,-5
525,1,-6,-3,-16,-5,9,13,15
526,4,-15,-2,-6,-8,-6,-13,-7
527,15,6,1,7,11,-16,8,-14
528,9,-13,11,-8,6,0,-16,12
529,7,7,9,-16,-10,-10,-16,-9
530,-9,12,4,-9,-1,-10,6,15
531,-8,-16,-15,0,2,-16,1,-8
532,-9,8,-6,-2,8,0,-7,8
533,-14,-8,14,15,-8,3,15,-11
534,-9,5,1,-13,0,-6,9,0
535,0,5,9,-7,-14,13,2,10
536,-10,-16,12,8,-7,13,6,4
537,8,-5,0,5,0,-5,12,-16
538,-7,-16,11,-3,-3,1,-15,6
539,-7,-6,-8,-13,-14,-13,-2,7
540,0,5,4,-1,-5,2,-14,-4
541,-12,-2,7,-9,9,0,-8,-5
542,-4,-14,1,10,-14,-10,-7,7
543,14,13,14,9,12,-15,15,-16
544,-10,6,-7,9,-3,4,10,15
545,10,10,-13,12,4,13,3,-4
546,-14,-5,-15,-2,12,-13,3,-8
547,6,15,9,-2,-10,-9,3,-6
548,3,9,-6,10,15,7,-5,5
549,14,-12,4,3,3,-15,-14,-3
550,-13,12,-12,6,-15,-16,-14,9
551,10,-10,0,-15,4,-1,9,-15
552,9,4,9,0,15,11,-12,-8
553,4,6,-6,6,6,-15,7,10
554,-1,-14,-15,12,2,14,-4,8
555,11,0,9,5,9,-14,1,12
556,15,5,-1,-16,-2,-12,-2,-14
557,-15,-14,7,-3,12,-3,11,5
558,-11,-16,-11,9,-6,11,-9,-14
559,1,-11,-4,-9,-4,14,2,-5
560,-16,-3,-4,-4,-9,2,14,-13
561,12,15,5,7,-10,-16,-6,12
562,14,13,-1,-12,6,-9,2,-13
563,-10,4,10,5,-16,-11,1,-7
564,-11,14,0,-15,5,-5,15,-3
565,14,-14,0,0,4,-12,-1,6
566,-9,-13,10,12,-7,4,-11,-10
567,-3,5,13,14,-2,11,8,-10
568,11,-14,-2,0,-16,-7,6,-5
569,-4,-9,-9,-14,7,-16,-11,5
570,-12,-13,-6,-10,12,-14,-5,6
571,5,-9,-9,-10,14,-12,-2,-14
572,6,1,-3,15,4,-12,4,8
573,15,-8,-8,-16,-8,3,6,9
574,9,-13,-5,-4,5,7,12,12
575,-10,3,-10,-6,7,14,12,-5
576,-14,9,5,-3,-12,-8,4,0
577,-4,14,-9,10,8,12,-16,-12
578,2,-13,-14,11,-8,-10,4,11
579,-5,6,-12,-7,-2,15,5,2
580,2,-5,-9,1,-2,-15,7,-2
581,-11,-12,-10,-2,10,-1,-5,13
582,8,-16,-12,3,-2,-12,14,14
583,8,9,2,0,6,-4,-5,2
584,-10,8,10,-8,-4,-4,-5,-1
585,-2,10,9,6,9,-8,-14,-14
586,11,-12,13,-3,-12,12,-3,-3
587,15,-7,14,-8,-11,5,0,-4
588,-4,13,-4,-5,-13,4,-15,1
589,-6,-11,14,5,-16,-9,-5,-16
590,3,-10,-1,-4,-3,-3,-16,3
591,-7,7,-10,0,-11,6,11,-14
592,-15,4,-15,8,9,1,-12,9
593,-16,1,11,-9,-9,9,2,-1
594,0,-15,-13,2,-15,-6,3,-7
595,-10,-10,12,0,-7,-6,-14,-9
596,-3,0,7,-1,-8,10,-7,-11
597,-11,-2,-13,12,-15,-12,-4,14
598,3,-4,-12,0,-6,5,7,-15
599,-14,-9,-16,-15,-4,-11,-1,5
600,12,4,9,-1,9,-16,-9,15
601,-7,-2,15,-6,-12,-10,-3,9
602,-15,-14,2,-3,11,4,4,14
603,-14,13,-13,-4,11,-10,-1,-13
604,2,-1,-12,12,14,0,11,15
605,9,-13,-2,-15,7,4,9,-2
606,13,7,-13,8,-6,-13,-16,-11
607,-4,-14,-7,12,-7,8,1,6
608,6,8,13,-4,0,14,-4,-4
609,10,3,-15,7,-16,-6,-16,-4
610,12,-14,-10,13,-14,-3,14,-6
611,5,4,-3,-5,3,-15,-15,-14
612,2,8,-15,-2,5,7,-12,-5
613,10,-9,-14,8,-15,-11,-15,8
614,-7,6,8,-5,-9,-1,8,-12
615,13,6,-16,-6,9,-11,-7,14
616,0,2,-5,-1,-15,5,7,13
617,9,7,-12,-12,-13,-7,-3,-4
618,3,0,14,3,7,-8,5,5
619,-6,9,-10,7,-1,-2,0,-8
620,-15,-14,-14,-1,-6,6,2,-12
621,-11,-8,-2,-12,11,9,-3,8
622,8,-7,13,12,-10,2,-8,-2
623,-13,-16,0,11,-4,-13,8,-7
624,-16,5,6,6,1,14,4,12
625,4,-3,14,9,14,14,9,9
626,2,-14,5,-4,-3,-7,-15,13
627,14,13,4,-8,-5,-6,14,11
628,-13,-3,-1,10,12,-13,7,-3
629,8,-11,-12,2,-10,-5,-2,-13
630,14,0,-13,-6,3,-7,14,-12
631,9,9,-16,-16,3,2,-9,10
632,-5,11,15,-3,3,-16,-1,-10
633,-12,6,14,-13,-9,-4,13,0
634,15,4,-13,6,-4,-5,-5,11
635,9,3,-10,11,-3,-3,13,-15
636,-8,10,-1,3,2,8,-2,-16
637,8,13,-15,-15,5,-1,-5,14
638,2,4,7,-2,6,9,-15,15
639,10,8,11,-11,-13,3,6,-14
640,-15,15,-14,9,1,-2,2,6
641,-10,2,-2,-1,-10,-16,-1,-3
642,-4,-2,-11,-1,12,10,-1,-3
643,-9,8,13,2,-4,-4,7,-2
644,13,2,-13,-10,1,7,3,3
645,-7,-10,-6,5,-12,-5,4,8
646,-12,15,10,-13,10,4,-5,14
647,-14,2,1,-6,5,-12,-12,9
648,-16,-12,9,13,9,2,-14,-2
649,-9,-16,-12,7,12,3,10,15
650,14,11,6,-13,3,6,7,-2
651,-13,-3,3,-4,-6,8,-3,-7
652,-13,-6,-11,-10,6,-9,12,11
653,2,-2,14,10,12,3,-13,-13
654,-16,-5,9,-16,-11,15,5,-11
655,-10,-12,11,7,11,11,-6,-16
656,7,4,-2,-7,3,0,4,-9
657,-6,-9,-10,4,7,11,5,-11
658,-2,10,-9,-10,2,8,-12,-6
659,7,-11,-7,-7,-12,-7,9,9
660,-9,-2,-14,11,13,-11,-2,-8
661,7,-13,6,-12,-8,-10,10,4
662,-5,8,9,12,-6,13,-3,13
663,-1,4,-6,10,-15,-16,2,7
664,15,-6,-11,-11,-4,12,-8,1
665,4,8,-10,-14,8,5,14,-8
666,6,-12,-3,2,-5,-12,0,-6
667,9,-14,-7,-8,-2,6,3,-9
668,5,12,-3,4,5,13,6,-7
669,9,8,-10,-11,-9,12,3,-2
670,7,-5,15,11,6,0,3,7
671,2,1,-12,13,12,5,2,5
672,-2,12,2,2,5,-3,7,0
673,-8,-16,-9,0,-13,-7,2,-14
674,13,12,13,-3,-12,9,-11,-6
675,-13,-10,-12,-2,-14,-9,-4,-7
676,-5,-12,13,-14,4,-8,8,14
677,-3,-1,-12,15,-16,-3,-11,5
678,-8,7,-12,-12,9,15,-12,5
679,-4,-9,3,5,10,3,-1,8
680,-14,7,-14,-2,-5,-8,-16,4
681,8,-1,3,1,13,1,-11,-2
682,-4,-10,-1,11,-12,-3,12,6
683,-7,15,4,-11,9,1,8,13
684,8,-16,13,-3,12,13,4,12
685,2,14,12,14,11,-4,-11,2
686,3,6,-13,6,-14,13,-6,5
687,7,6,3,-1,-13,8,-8,13
688,-8,11,9,2,12,4,-16,-7
689,-5,-3,11,-13,-1,1,-15,-16
690,6,6,15,4,11,4,0,-7
691,8,10,0,6,11,5,11,9
692,-4,-1,-15,-11,2,13,-5,8
693,-3,-16,5,13,-9,6,13,-12
694,9,-6,-12,1,3,4,15,-11
695,11,8,-5,-4,-7,7,-10,-2
696,3,12,14,-13,0,-10,-5,3
697,2,3,6,12,0,-2,1,-16
698,-11,12,-11,-13,2,15,10,-14
699,-13,10,0,6,9,-5,5,12
700,-15,-8,-4,-13,-9,-1,-11,-12
701,9,4,5,-4,15,-8,-3,-13
702,11,-4,-1,-9,-6,-14,-8,-8
703,-11,-12,12,5,2,6,-12,-3
704,-6,-6,-8,7,0,-10,15,1
705,14,2,-5,-6,8,4,-13,3
706,9,-5,11,-7,-15,-1,-4,11
707,12,12,0,12,1,-13,4,-7
708,-16,-14,14,-11,-13,-12,14,2
709,10,4,-10,-6,-7,8,8,-5
710,10,2,-9,-7,-14,2,4,8
711,12,1,5,2,6,1,-13,-7
712,13,7,9,9,-4,-5,14,7
713,-15,-10,-16,-13,14,-1,11,-8
714,3,8,0,6,9,-10,2,-12
715,-9,1,0,5,-6,-12,0,8
716,-9,3,-15,-8,9,13,5,4
717,13,-8,3,-6,-15,-8,-10,3
718,-2,15,-3,-12,-11,10,10,-10
719,6,-16,3,0,7,-2,12,-1
720,-9,-14,-6,10,-8,7,-14,-10
721,-14,13,-9,14,-4,11,8,-7
722,-14,15,15,3,-14,8,-8,6
723,-5,-1,-12,12,4,9,-11,-10
724,6,-14,8,-12,13,6,1,7
725,11,-12,-9,-8,-16,4,1,-4
726,12,-4,-7,12,4,-4,-13,1
727,13,-6,-10,8,-16,-16,8,5
728,13,12,6,9,10,-9,7,14
729,8,4,0,-3,5,-4,-1,8
730,-13,7,9,2,-2,-5,-13,9
731,12,5,8,10,-16,-14,-6,14
732,-5,-11,-6,-7,-14,13,-12,-15
733,7,5,0,9,0,-6,-1,8
734,-7,-8,8,-1,0,12,8,11
735,-6,-4,-4,-7,14,-1,-3,15
736,3,-11,-1,-5,-11,6,8,-13
737,-15,-12,-7,10,7,10,-13,11
738,15,15,10,1,-6,-2,-14,12
739,1,3,-1,8,-3,7,13,-9
740,-5,11,-11,1,-6,-15,-8,8
741,11,-1,-2,-6,-13,-13,-10,13
742,-11,15,14,4,-5,-15,-16,-10
743,13,13,1,0,2,0,1,11
744,8,-2,-9,13,-7,-13,-15,-16
745,10,-15,2,3,4,-13,8,-13
746,-5,-8,-10,-4,8,-13,14,-3
747,-15,0,-16,-14,-8,-4,-6,11
748,-2,5,2,6,6,15,-16,2
749,-7,5,-3,12,4,-2,-10,15
750,-12,4,14,4,-15,11,-14,9
751,-15,-1,13,2,11,10,-4,12
752,15,-16,-2,-14,-14,0,-8,12
753,10,-3,-8,15,13,0,1,6
754,15,1,-11,-13,-6,-11,-15,8
755,13,-13,15,13,-13,-4,-11,-15
756,1,-12,8,-2,6,-10,-1,-5
757,6,-15,8,-10,-2,-11,11,-8
758,-9,-1,-10,6,-8,-7,-13,-1
759,3,-2,-13,-6,9,12,-5,-13
760,6,-3,12,-14,-8,-14,-14,9
761,2,-5,3,1,14,6,12,11
762,0,1,-14,2,8,-4,-6,14
763,-5,2,5,11,11,9,1,-2
764,0,-12,-3,-12,-7,4,7,9
765,2,14,6,-13,-16,-15,6,7
766,14,5,-12,-16,-15,9,13,3
767,-8,2,11,-6,-2,7,-16,-5
768,-10,10,6,-7,12,-15,-1,-11
769,-16,-10,11,4,-3,-16,1,-10
770,5,12,-16,-13,-8,-10,0,15
771,-11,13,1,13,-15,2,-13,-3
772,-7,-11,6,9,-7,13,4,14
773,11,11,-3,12,-1,2,-9,6
774,-16,4,-16,-5,5,13,-16,-8
775,-3,15,-3,-13,5,-10,15,-5
776,10,-4,8,13,-2,-16,13,-15
777,-4,-5,-10,-15,1,6,15,13
778,0,-4,1,-13,-12,-10,5,4
779,11,-3,5,-15,0,-1,2,-9
780,-11,11,3,-3,5,-11,-14,9
781,-4,15,-6,13,-8,-5,-1,-10
782,-9,-9,13,-3,-14,0,-2,14
783,7,-9,-12,-15,13,12,-4,-10
784,0,-3,-7,-8,3,1,7,-9
785,-9,7,6,15,9,-7,8,-11
786,-8,9,8,7,-13,14,5,-12
787,-5,14,12,13,13,-1,10,-12
788,-10,4,2,7,2,0,-2,4
789,2,-10,-1,-8,0,7,-3,14
790,7,6,-9,-5,-7,15,-9,2
791,2,5,1,-10,14,2,-6,-10
792,-16,13,14,-14,-4,-13,9,14
793,1,-13,6,9,-12,15,10,14
794,6,-5,-16,2,-4,5,12,5
795,-5,-9,-2,3,8,-7,-6,-8
796,-11,8,15,-16,-4,7,-15,-13
797,14,4,7,-16,2,4,3,9
798,-14,0,14,-1,0,6,-13,-7
799,-5,-5,-7,11,-6,-6,-2,10
800,-4,2,13,4,13,-11,-15,-9
801,5,-4,11,-12,3,6,11,-14
802,-1,1,6,-16,-15,6,8,11
803,14,-5,-6,4,15,1,12,-16
804,-3,-10,-16,15,5,12,10,-6
805,-9,14,9,7,-9,11,-9,0
806,-5,15,-10,1,0,14,-9,-16
807,-10,2,-13,5,-13,-14,-1,-5
808,-11,-16,2,-16,-5,-1,1,-14
809,-5,-5,15,1,-16,-5,0,6
810,5,13,0,9,2,8,-1,7
811,-1,2,-5,8,-16,-8,8,-10
812,-5,-14,-15,-4,-6,0,13,15
813,8,-8,9,11,-3,-11,13,11
814,12,-6,-3,-1,-8,15,-2,-11
815,-9,-12,-15,13,-1,-16,-15,6
816,5,-6,-11,8,11,-6,8,3
817,-12,6,7,4,8,-16,-5,8
818,-3,-15,5,-15,-5,-2,13,-1
819,6,4,-6,11,-4,-2,-6,10
820,-9,8,-12,10,-14,3,-10,-7
821,11,12,15,9,8,13,-1,2
822,-8,4,11,12,-9,13,2,12
823,15,-1,-4,-9,3,13,3,-16
824,2,3,-4,-16,14,-1,-10,15
825,-11,-16,0,-12,-14,-9,-4,-8
826,12,-14,11,1,12,-10,7,-7
827,-14,11,9,-6,-7,-10,3,8
828,-1,12,9,-14,-7,-9,15,1
829,9,12,-11,6,-7,-5,-4,12
830,-2,4,5,-16,10,7,-10,7
831,-1,-6,4,4,15,3,2,-14
832,-9,0,-15,15,13,5,7,12
833,9,-15,-12,14,-4,9,3,-9
834,2,-14,9,-8,10,-5,11,-8
835,-16,8,10,1,11,-9,11,4
836,-11,-9,-8,15,5,10,-10,-15
837,-5,13,8,7,-14,-7,-8,5
838,1,14,-8,11,2,-12,13,-2
839,-9,10,-15,14,15,8,11,9
840,-15,15,13,2,-4,0,2,4
841,-16,15,-13,-7,3,6,-9,-16
842,-10,2,5,-12,15,7,11,-12
843,-8,3,-5,15,-1,2,3,-8
844,13,-16,-13,-2,4,-11,15,-4
845,-1,15,5,5,-15,3,13,-10
846,-16,-10,-6,-15,-12,-2,-9,-6
847,-11,-8,-16,-4,5,-5,15,-4
848,7,-12,-15,8,-2,13,13,-3
849,14,10,11,11,6,4,-7,5
850,15,-15,-4,0,-5,-2,12,-8
851,8,-3,15,2,-2,-8,-13,-8
852,-11,-16,-3,-5,-7,15,15,13
853,-2,-5,-3,6,-14,-3,5,11
854,-6,12,-2,5,1,14,-15,-15
855,3,5,-4,-4,4,-7,-5,-16
856,-8,6,0,-15,13,-1,5,-15
857,-9,-12,10,-12,-3,-7,8,13
858,-10,-9,-3,-2,13,-2,-8,-8
859,13,7,-13,-11,0,-8,3,3
860,-15,-4,-16,7,-10,11,8,-9
861,11,7,15,-5,-14,8,0,7
862,10,12,11,-5,7,-10,-11,2
863,8,-10,6,-3,-11,-6,-11,-1
864,15,10,-10,13,2,-8,-5,-5
865,-1,-5,15,6,-8,6,7,-9
866,13,12,2,-6,-5,-11,14,-13
867,-5,14,6,-7,15,-2,-10,-16
868,4,-5,-7,15,11,8,-9,14
869,-10,-8,9,-13,7,3,9,-16
870,12,8,5,-4,-9,2,-6,-9
871,1,-5,0,-16,-1,2,-16,13
872,12,-14,-10,13,-2,0,0,10
873,1,12,-5,0,-16,2,15,7
874,1,-10,15,-6,0,8,15,15
875,-3,10,14,12,-1,5,7,-1
876,1,7,15,-9,-5,-15,-3,12
877,0,-3,14,10,7,3,5,10
878,-15,2,5,-11,-12,-11,-4,11
879,3,-8,-7,-6,-16,-16,-5,4
880,13,-1,4,8,-3,7,-1,10
881,2,0,3,3,11,-8,-1,0
882,-5,-7,11,1,12,1,5,-13
883,-3,-15,6,12,-9,-14,14,2
884,-8,-4,14,12,-4,9,-15,-2
885,1,5,-13,2,-8,14,7,14
886,-11,1,-10,-9,-8,15,-8,-11
887,11,10,14,1,5,12,-7,5
888,14,14,14,-15,-2,8,10,10
889,8,8,11,-12,-14,7,13,15
890,-7,-16,-12,1,5,-3,-9,-16
891,11,0,-12,2,15,-13,-6,6
892,-9,-4,2,1,-1,-13,12,9
893,-14,3,-13,9,-3,8,10,-4
894,-9,-5,6,6,7,1,-10,-16
895,12,1,-15,-9,13,13,5,-11
896,15,12,6,-5,1,2,5,-7
897,1,4,-11,-3,-12,-2,-9,-15
898,-10,-6,-14,9,-12,-15,-10,14
899,4,-16,-1,-13,-8,0,-12,2
900,2,-1,13,13,-8,5,5,-15
901,-7,4,-2,8,13,1,5,-4
902,15,3,-6,9,5,10,15,-11
903,12,-4,-8,6,-7,-11,1,9
904,8,1,0,-7,0,-10,1,12
905,7,11,-2,8,6,-12,1,6
906,5,-9,-5,-13,-5,9,1,-7
907,3,5,6,0,-3,-9,9,-12
908,-16,12,14,11,10,5,-4,4
909,-4,-2,-5,12,3,-5,-8,15
910,13,-16,0,3,0,14,-14,-3
911,1,8,1,-11,-1,4,10,6
912,0,-9,7,-12,-12,2,-8,3
913,15,-5,10,4,-10,10,-7,5
914,-13,6,-8,-1,-6,7,3,-11
915,13,10,12,-12,0,14,2,15
916,6,9,12,4,7,7,-10,8
917,13,-3,-16,-8,2,-2,-6,2
918,-11,6,11,-3,6,-9,-8,-14
919,-4,-4,-2,-3,-9,8,7,-12
920,6,6,12,2,-10,11,2,-6
921,4,13,10,-11,0,11,-16,-9
922,-6,-2,1,-2,9,-5,9,14
923,-7,10,-13,1,-3,-13,-15,14
924,0,-12,-6,14,-7,-7,13,8
925,14,5,-1,11,-16,-13,-12,2
926,-7,-5,-1,2,6,-12,-5,10
927,-9,-2,13,-16,11,-15,7,-10
928,12,-10,2,-13,11,-8,-2,5
929,9,1,-7,15,-4,-4,-2,0
930,12,-14,-2,9,15,5,10,-3
931,-13,9,15,-2,15,-2,15,3
932,-12,3,4,13,12,-12,1,-2
933,3,-6,8,8,2,-8,7,9
934,1,-2,-6,12,-11,-5,-2,15
935,-14,-2,-11,13,7,5,-9,-2
936,11,4,-2,11,0,-10,-11,-3
937,-3,-5,-9,9,-3,10,-8,-1
938,12,-10,15,2,-13,11,3,-15
939,5,-15,1,-13,0,4,3,12
940,9,-7,7,-16,8,6,-6,-14
941,-10,0,-6,5,5,7,-6,-13
942,11,-7,-1,15,-9,-14,6,10
943,2,-5,-2,-8,-11,-7,9,-9
944,1,11,9,-14,-15,-16,9,8
945,-1,-15,15,-3,8,-3,-6,5
946,-6,-13,-1,0,-13,2,-3,-5
947,-13,-7,-12,2,-16,6,-8,-14
948,-13,10,-2,-15,1,1,-1,1
949,8,0,-3,-14,0,-15,-15,-6
950,-2,-6,-5,-13,-3,9,14,-1
951,-15,15,3,4,-4,-16,-6,-14
952,5,7,1,14,13,14,-16,-7
953,-11,8,7,-1,-3,-4,7,-13
954,-5,-7,-6,13,-9,-1,8,2
955,8,0,14,15,-4,-12,2,3
956,7,8,-1,-9,-14,7,-4,-13
957,8,0,13,-3,11,-15,4,13
958,10,-5,-13,0,5,-3,12,-13
959,-8,-15,-8,2,-5,-8,11,3
960,-9,3,0,-13,15,9,-7,10
961,-5,-9,-5,-11,-7,-9,-13,-9
962,15,-5,-11,1,-14,5,-2,-9
963,-4,13,4,-16,-11,-10,3,-4
964,4,-9,-15,6,-3,-15,8,10
965,13,5,5,-11,-3,-3,-14,-13
966,-2,14,7,5,-12,-7,-12,-6
967,11,-5,5,-9,-9,-16,6,7
968,-13,-7,11,15,-3,-1,11,-13
969,10,-7,9,-15,-5,14,-4,-16
970,-15,14,14,9,8,-12,11,-1
971,-6,-10,6,3,15,-13,15,8
972,5,6,-1,-5,-2,-2,-4,-11
973,-12,-9,-5,7,-8,-15,-2,15
974,-12,10,15,-15,5,13,10,-7
975,-10,-12,4,4,-6,-5,-5,9
976,-11,5,-12,6,-6,-4,8,9
977,-2,6,-2,13,-8,-12,14,5
978,8,-7,-9,-13,13,10,-11,11
979,-8,1,-7,14,-4,2,3,-15
980,4,14,4,7,-12,-2,2,-5
981,-7,-2,-4,-11,-11,-5,-16,6
982,-5,15,-8,0,12,-11,-8,0
983,15,-1,-12,6,6,-3,-1,-2
984,10,12,6,14,9,-2,-4,12
985,-1,-1,-1,4,-12,9,-9,9
986,10,-12,-15,5,-12,-14,13,-14
987,-6,5,-11,-3,-8,15,6,-1
988,-11,5,15,3,7,-8,5,2
989,-16,12,-11,-2,10,10,-1,-8
990,-10,-11,-10,5,0,-9,-12,-6
991,13,12,5,-10,3,-7,5,1
992,-2,6,-8,-3,15,11,-9,8
993,13,12,3,-6,-13,3,10,4
994,11,-12,-3,10,-12,-13,6,-16
995,-7,5,-6,-11,0,4,7,11
996,-13,-7,-11,-16,9,5,-1,-16
997,4,8,-3,-4,-11,14,-11,-13
998,6,-14,1,4,-5,-13,15,13
999,7,-13,15,-3,-8,-4,14,-1
1000,3,-6,9,15,13,13,8,-6
